             0      542.45471              0      4421997.3      542.45471              0       73286.61              0              0      4143417.7              0              0      157480.96              0              0      47812.074              0              0              0              0              0              0      2.5771964      180.76566      5.2324898      1.9048015              0              0
     0.0546875      4182.2228              0      4584054.4      4182.2228              0      70849.719              0              0      4293096.5              0              0      165943.34              0              0      48309.025              0              0      5855.8671              0              0              0      2.3743067      180.76566      5.2324898      1.9048015     0.20288979              0
     0.1015625      3767.0859              0      4779929.1      3767.0859              0      71248.054              0              0      4470846.6              0              0      175608.92              0              0      51238.694              0              0      10986.899              0              0              0      2.2179095      180.76566      5.2324898      1.9048015     0.35928696              0
       0.15625       3267.003              0      5037701.1       3267.003              0      69687.338              0              0      4714485.8              0              0      183101.66              0              0      53829.368              0              0      16596.952              0              0              0      2.0600218      180.76566      5.2324898      1.9048015      0.5171746              0
      0.203125      2911.9415              0      5298347.9      2911.9415              0      69446.757              0              0      4956308.1              0              0       192972.7              0              0      57782.598              0              0       21837.71              0              0              0        1.93855      180.76566      5.2324898      1.9048015     0.63864646              0
     0.2578125      2511.9112              0      5664864.1      2511.9112              0      69641.401              0              0      5300356.3              0              0      204495.51              0              0      62471.544              0              0      27899.358              0              0              0      1.8127914      180.76566      5.2324898      1.9048015     0.76440506              0
     0.3046875      2308.1022              0      6100890.8      2308.1022              0      73315.764              0              0        5695715              0              0       226843.8              0              0      69806.772              0              0      35209.427              0              0              0      1.7174008      180.76566      5.2324898      1.9048015     0.85979569              0
     0.3515625      2056.3243              0        6713383      2056.3243              0      79376.506              0              0      6252321.6              0              0      256754.54              0              0      80648.092              0              0      44282.233              0              0              0      1.6291833      180.76566      5.2324898      1.9048015     0.94801312              0
       0.40625      2000.8885              0      7980055.4      2000.8885              0      102041.94              0              0      7349657.6              0              0       349065.6              0              0      112709.61              0              0      66580.724              0              0              0      1.5352746      180.76566      5.2324898      1.9048015      1.0419219              0
      0.453125      1960.9551              0      8899004.8      1960.9551              0      104910.54              0              0        8216681              0              0       384495.7              0              0      115266.13              0              0       77651.46              0              0              0      1.4507382      180.76566      5.2324898      1.9048015      1.1264582              0
           0.5      2067.1893              0      8246494.1      2067.1893              0      59649.729              0              0      7864356.7              0              0      210295.13              0              0      68255.796              0              0      43936.675              0              0              0      1.3748269      180.76566      5.2324898      1.9048015      1.2023695              0
     0.5546875      2243.9078              0      7292878.1      2243.9078              0      35542.704              0              0      7029874.5              0              0       143338.5              0              0       50004.47              0              0      34117.878              0              0              0      1.2851061      180.76566      5.2324898      1.9048015      1.2920903              0
     0.6015625      2341.2082              0      6626520.9      2341.2082              0      25860.586              0              0      6400973.8              0              0      123487.26              0              0      44236.352              0              0      31962.952              0              0              0      1.1967169      180.76566      5.2324898      1.9048015      1.3804796              0
       0.65625      2308.4577              0      6024414.5      2308.4577              0       21047.85              0              0      5811621.9              0              0      116428.58              0              0      42537.841              0              0      32778.342              0              0              0      1.0968849      180.76566      5.2324898      1.9048015      1.4803116              0
      0.703125      2143.0257              0      5613469.2      2143.0257              0      18772.152              0              0      5406469.1              0              0      112552.04              0              0      41869.209              0              0      33806.669              0              0              0      1.0188001      180.76566      5.2324898      1.9048015      1.5583963              0
     0.7578125      2079.5468              0      5242575.1      2079.5468              0      17339.184              0              0      5032807.7              0              0      113962.69              0              0      42746.217              0              0      35719.347              0              0              0     0.93765709      180.76566      5.2324898      1.9048015      1.6395394              0
     0.8046875      1955.1935              0      4979751.4      1955.1935              0      15820.354              0              0      4770455.9              0              0      112845.98              0              0      43840.204              0              0      36788.882              0              0              0     0.87343765      180.76566      5.2324898      1.9048015      1.7037588              0
     0.8515625      1785.0465              0      4765262.6      1785.0465              0       15012.89              0              0      4548727.8              0              0       117675.9              0              0      44461.892              0              0      39384.134              0              0              0     0.81755973      180.76566      5.2324898      1.9048015      1.7596367              0
       0.90625      1611.3313              0      4558083.1      1611.3313              0      14538.548              0              0      4337430.5              0              0      118918.76              0              0       46056.77              0              0      41138.578              0              0              0     0.76605876      180.76566      5.2324898      1.9048015      1.8111377              0
      0.953125      1511.5959              0      4417658.3      1511.5959              0      13839.797              0              0      4192353.9              0              0      122005.72              0              0      46780.596              0              0      42678.348              0              0              0     0.73039036      180.76566      5.2324898      1.9048015      1.8468061              0
     1.0078125      1394.9488              0      4286125.2      1394.9488              0      13572.221              0              0      4054657.3              0              0      125102.25              0              0      48398.617              0              0      44394.807              0              0              0     0.69749245      180.76566      5.2324898      1.9048015       1.879704              0
     1.0546875      1354.1527              0      4214920.5      1354.1527              0      13404.094              0              0      3974656.9              0              0      128981.23              0              0      50906.267              0              0      46971.989              0              0              0     0.67458976      180.76566      5.2324898      1.9048015      1.9026067              0
     1.1015625      1352.7459              0      4178407.6      1352.7459              0      14304.723              0              0      3924812.1              0              0      136491.04              0              0      52772.925              0              0      50026.743              0              0              0     0.65619287      180.76566      5.2324898      1.9048015      1.9210036              0
       1.15625      1432.6046              0      4237414.5      1432.6046              0      16813.048              0              0      3946337.8              0              0      156833.83              0              0      59594.001              0              0      57835.742              0              0              0     0.63752108      180.76566      5.2324898      1.9048015      1.9396754              0
      1.203125      1757.5547              0      4445445.3      1757.5547              0      21142.519              0              0      4082586.7              0              0      194647.66              0              0      73864.553              0              0      73203.782              0              0              0     0.62382758      180.76566      5.2324898      1.9048015      1.9533689              0
     1.2578125       4597.298              0      5045757.6       4597.298              0      28562.305              0              0      4569039.4              0              0      283600.69              0              0      74926.663              0              0       89628.49              0              0              0     0.60428384      180.76566      5.2324898      1.9048015      1.9729126              0
     1.3046875      3414.8543              0      4582660.8      3414.8543              0      15276.633              0              0      4333111.2              0              0      144485.57              0              0      46034.309              0              0      43753.126              0              0              0     0.58911274      180.76566      5.2324898      1.9048015      1.9880837              0
     1.3515625      3027.0044              0      4530071.1      3027.0044              0      16160.652              0              0        4152075              0              0      197650.86              0              0       82714.79              0              0      81469.814              0              0              0     0.57596904      180.76566      5.2324898      1.9048015      2.0012274              0
       1.40625      3614.8848              0      4282268.3      3614.8848              0      13648.819              0              0      3976993.1              0              0      167391.52              0              0      61969.876              0              0      62264.974              0              0              0     0.54848324      180.76566      5.2324898      1.9048015      2.0287132              0
      1.453125      3448.6674              0      4146549.6      3448.6674              0      13703.165              0              0      3838032.7              0              0      165529.66              0              0      63616.865              0              0       65667.24              0              0              0     0.51749675      180.76566      5.2324898      1.9048015      2.0596997              0
     1.5078125      3308.2829              0      4021273.9      3308.2829              0      11831.529              0              0      3707641.5              0              0      165694.64              0              0      66234.247              0              0      69872.042              0              0              0     0.48221493      180.76566      5.2324898      1.9048015      2.0949815              0
     1.5546875      3391.1533              0      3950312.6      3391.1533              0      11160.277              0              0      3633018.1              0              0      168756.12              0              0      65980.067              0              0      71398.027              0              0              0     0.45782606      180.76566      5.2324898      1.9048015      2.1193704              0
     1.6015625       3420.749              0      3863129.1       3420.749              0      10676.616              0              0        3558147              0              0      161283.19              0              0      64151.749              0              0      68870.531              0              0              0     0.43743185      180.76566      5.2324898      1.9048015      2.1397646              0
       1.65625      3484.7547              0      3794371.8      3484.7547              0      9709.6881              0              0        3492382              0              0      158750.19              0              0       64182.09              0              0      69347.846              0              0              0     0.41693455      180.76566      5.2324898      1.9048015      2.1602619              0
      1.703125      3535.7716              0      3759027.3      3535.7716              0      9128.4839              0              0      3452580.4              0              0      161726.38              0              0       64943.95              0              0       70648.08              0              0              0     0.40172909      180.76566      5.2324898      1.9048015      2.1754674              0
     1.7578125      3618.2315              0      3742201.3      3618.2315              0      8791.9232              0              0      3422787.1              0              0      170217.98              0              0      66460.574              0              0      73943.644              0              0              0     0.38410536      180.76566      5.2324898      1.9048015      2.1930911              0
     1.8046875      3666.8754              0      3721428.6      3666.8754              0      8491.0471              0              0      3395852.8              0              0       174252.6              0              0      67368.307              0              0      75463.831              0              0              0     0.37106904      180.76566      5.2324898      1.9048015      2.2061274              0
     1.8515625      3652.6653              0        3672864      3652.6653              0      8158.6264              0              0      3351783.4              0              0      171660.98              0              0      66318.663              0              0      74942.417              0              0              0     0.35945447      180.76566      5.2324898      1.9048015       2.217742              0
       1.90625      3606.1181              0      3630229.9      3606.1181              0      7371.3543              0              0      3314146.8              0              0      169067.14              0              0      65662.225              0              0      73982.361              0              0              0     0.34768528      180.76566      5.2324898      1.9048015      2.2295112              0
      1.953125      3610.0326              0      3624917.9      3610.0326              0      6789.2285              0              0      3301346.6              0              0      173956.13              0              0      66878.038              0              0       75947.91              0              0              0     0.33846321      180.76566      5.2324898      1.9048015      2.2387332              0
     2.0078125      3644.0981              0      3612979.6      3644.0981              0      6539.8616              0              0      3289108.9              0              0       174950.2              0              0      65977.972              0              0      76402.702              0              0              0     0.32880731      180.76566      5.2324898      1.9048015      2.2483891              0
     2.0546875      3622.7781              0      3602374.2      3622.7781              0      6275.2257              0              0      3273863.5              0              0      177874.45              0              0      66949.621              0              0      77411.484              0              0              0     0.32149667      180.76566      5.2324898      1.9048015      2.2556998              0
     2.1015625      3633.0997              0      3573132.9      3633.0997              0      5960.5801              0              0      3249667.9              0              0      174285.52              0              0      66524.485              0              0      76694.395              0              0              0     0.31474871      180.76566      5.2324898      1.9048015      2.2624477              0
       2.15625       3654.265              0      3541327.4       3654.265              0         5684.6              0              0      3222327.1              0              0      170996.91              0              0      66075.471              0              0      76243.336              0              0              0     0.30736933      180.76566      5.2324898      1.9048015      2.2698271              0
      2.203125      3650.7835              0      3507155.3      3650.7835              0      5457.8599              0              0      3192415.6              0              0       167481.6              0              0       65670.81              0              0      76129.488              0              0              0     0.30172527      180.76566      5.2324898      1.9048015      2.2754712              0
     2.2578125      3666.5933              0      3487156.7      3666.5933              0      5348.0245              0              0      3169833.3              0              0      168830.94              0              0        66356.6              0              0      76787.845              0              0              0     0.29603826      180.76566      5.2324898      1.9048015      2.2811582              0
     2.3046875      3667.6877              0      3463023.6      3667.6877              0      5132.5232              0              0      3147876.9              0              0       167561.7              0              0      65731.918              0              0       76720.62              0              0              0     0.29128763      180.76566      5.2324898      1.9048015      2.2859088              0
     2.3515625      3662.4027              0      3449499.4      3662.4027              0      4948.8669              0              0      3134449.2              0              0      168461.13              0              0      65231.069              0              0      76409.135              0              0              0     0.28669163      180.76566      5.2324898      1.9048015      2.2905048              0
       2.40625      3668.4601              0      3445811.1      3668.4601              0      4660.2253              0              0        3128838              0              0       170095.1              0              0      65560.483              0              0      76657.343              0              0              0      0.2813826      180.76566      5.2324898      1.9048015      2.2958138              0
      2.453125      3676.8759              0      3450466.8      3676.8759              0      4575.1797              0              0      3129126.9              0              0      172839.77              0              0      66135.472              0              0       77789.55              0              0              0     0.27692835      180.76566      5.2324898      1.9048015      2.3002681              0
           2.5      3688.9636              0      3442044.5      3688.9636              0      4396.5182              0              0      3126616.6              0              0      168910.81              0              0      65327.906              0              0      76792.632              0              0              0     0.27292081      180.76566      5.2324898      1.9048015      2.3042756              0
     2.5546875      3718.2272              0      3442296.5      3718.2272              0      4208.8475              0              0      3122958.8              0              0      171177.75              0              0      66280.219              0              0      77670.851              0              0              0     0.26843219      180.76566      5.2324898      1.9048015      2.3087643              0
     2.6015625      3741.8448              0      3440370.1      3741.8448              0      4069.5017              0              0        3120516              0              0      172295.31              0              0       65650.77              0              0      77838.495              0              0              0     0.26478975      180.76566      5.2324898      1.9048015      2.3124067              0
       2.65625      3750.1984              0      3441137.9      3750.1984              0      3930.6784              0              0      3126345.4              0              0      169289.08              0              0      64623.496              0              0      76949.221              0              0              0     0.26066624      180.76566      5.2324898      1.9048015      2.3165302              0
      2.703125      3769.6877              0      3459176.6      3769.6877              0      3830.1719              0              0      3136995.3              0              0      174001.39              0              0      65963.143              0              0      78386.665              0              0              0     0.25735884      180.76566      5.2324898      1.9048015      2.3198376              0
          2.75      3787.9983              0      3458151.5      3787.9983              0      3703.2791              0              0      3141230.1              0              0      169997.04              0              0      65717.658              0              0       77503.41              0              0              0     0.25432204      180.76566      5.2324898      1.9048015      2.3228744              0
     2.8046875      3805.4507              0      3477481.2      3805.4507              0      3612.1026              0              0      3158539.9              0              0      172149.67              0              0       65327.03              0              0      77852.547              0              0              0     0.25102323      180.76566      5.2324898      1.9048015      2.3261732              0
     2.8515625      3838.9732              0      3492768.8      3838.9732              0      3477.0836              0              0      3175094.7              0              0         170948              0              0      65495.619              0              0      77753.377              0              0              0     0.24834294      180.76566      5.2324898      1.9048015      2.3288535              0
       2.90625      3885.0427              0      3513189.7      3885.0427              0      3366.4635              0              0        3192829              0              0      173061.32              0              0      65452.163              0              0      78480.761              0              0              0     0.24540924      180.76566      5.2324898      1.9048015      2.3317872              0
      2.953125      3937.6402              0      3530208.3      3937.6402              0      3316.4072              0              0      3206579.7              0              0      175334.69              0              0      66022.388              0              0      78955.147              0              0              0     0.24310265      180.76566      5.2324898      1.9048015      2.3340938              0
             3      3990.7863              0      3527827.9      3990.7863              0      3208.4024              0              0      3206211.4              0              0      173991.85              0              0      65773.438              0              0      78642.826              0              0              0     0.24080035      180.76566      5.2324898      1.9048015      2.3363961              0
     3.0546875       4034.609              0      3513530.3       4034.609              0      3122.1748              0              0      3193183.4              0              0      172621.78              0              0        66010.8              0              0      78592.168              0              0              0     0.23815872      180.76566      5.2324898      1.9048015      2.3390377              0
     3.1015625      4052.4073              0        3489936      4052.4073              0      2998.7032              0              0      3175043.7              0              0      169816.49              0              0      64794.458              0              0       77282.62              0              0              0     0.23619576      180.76566      5.2324898      1.9048015      2.3410007              0
       3.15625      4060.4917              0      3470648.5      4060.4917              0      2963.9067              0              0      3150844.1              0              0      172381.98              0              0      65665.656              0              0      78792.879              0              0              0     0.23410393      180.76566      5.2324898      1.9048015      2.3430925              0
      3.203125      4048.2207              0      3451237.4      4048.2207              0      2894.5405              0              0      3133928.7              0              0      170806.18              0              0      65422.535              0              0      78185.385              0              0              0     0.23232567      180.76566      5.2324898      1.9048015      2.3448708              0
          3.25      4026.3715              0        3414686      4026.3715              0      2791.2592              0              0        3098288              0              0         170944              0              0      64652.987              0              0      78009.786              0              0              0     0.23047868      180.76566      5.2324898      1.9048015      2.3467178              0
     3.3046875      3982.6055              0      3382848.9      3982.6055              0      2703.5078              0              0      3070431.3              0              0      168791.07              0              0      63993.093              0              0      76929.914              0              0              0     0.22854149      180.76566      5.2324898      1.9048015       2.348655              0
     3.3515625      3952.3679              0      3368380.4      3952.3679              0      2667.6205              0              0      3053560.4              0              0      170011.89              0              0      64294.779              0              0      77845.732              0              0              0     0.22689638      180.76566      5.2324898      1.9048015      2.3503001              0
       3.40625      3924.6498              0      3357399.5      3924.6498              0      2598.1446              0              0      3040925.3              0              0      171598.56              0              0       64382.97              0              0      77894.498              0              0              0     0.22515677      180.76566      5.2324898      1.9048015      2.3520397              0
      3.453125      3913.2963              0      3344460.4      3913.2963              0      2523.0129              0              0      3028122.5              0              0      171520.48              0              0      64281.591              0              0      78012.814              0              0              0     0.22361904      180.76566      5.2324898      1.9048015      2.3535774              0
           3.5       3902.616              0      3319739.6       3902.616              0        2452.89              0              0      3007787.3              0              0      168110.79              0              0      64183.505              0              0      77205.178              0              0              0     0.22220158      180.76566      5.2324898      1.9048015      2.3549949              0
     3.5546875      3893.1563              0      3313525.9      3893.1563              0      2431.5993              0              0      2999479.3              0              0      170006.25              0              0      63899.809              0              0      77708.954              0              0              0     0.22070681      180.76566      5.2324898      1.9048015      2.3564896              0
