             0              0     -737281.02      420817.03              0              0              0              0     -621705.84      373911.04              0     -115575.18      46905.992              0      41.853548      4.6503943
   0.052734375              0     -736349.16      419932.74              0              0              0              0     -622159.76      374722.91              0     -114189.39      45209.833              0      41.853548      4.6503943
    0.10546875              0     -737687.85      421244.97              0              0              0              0     -624592.89      377747.38              0     -113094.96      43497.593              0      41.853548      4.6503943
    0.15234375              0     -741300.06      424950.64              0              0              0              0     -628319.88       381429.6              0     -112980.18      43521.043              0      41.853548      4.6503943
    0.20507812              0     -751699.17      435385.52              0              0              0              0     -637177.27      390531.86              0      -114521.9      44853.656              0      41.853548      4.6503943
    0.25195312              0     -763660.59       447317.4              0              0              0              0     -647040.07      400849.29              0     -116620.51      46468.109              0      41.853548      4.6503943
     0.3046875              0     -776444.72       460094.6              0              0              0              0     -658017.32      412212.03              0      -118427.4      47882.568              0      41.853548      4.6503943
     0.3515625              0     -788866.97      472481.92              0              0              0              0     -668849.21      423323.35              0     -120017.76      49158.568              0      41.853548      4.6503943
    0.40429688              0     -802846.57       486375.6              0              0              0              0     -681211.48      435589.35              0     -121635.08      50786.253              0      41.853548      4.6503943
    0.45117188              0     -816739.98      500159.91              0              0              0              0     -693633.48      448169.22              0      -123106.5      51990.695              0      41.853548      4.6503943
    0.50390625              0     -834417.51      517729.61              0              0              0              0     -709743.18      464848.53              0     -124674.33      52881.077              0      41.853548      4.6503943
    0.55078125              0     -852471.97       535731.7              0              0              0              0     -725945.35      481775.65              0     -126526.62      53956.047              0      41.853548      4.6503943
    0.60351562              0     -875816.02      559089.37              0              0              0              0     -746586.32      502799.39              0      -129229.7      56289.981              0      41.853548      4.6503943
    0.65039062              0     -899616.41      582854.02              0              0              0              0     -767871.45       524486.2              0     -131744.96      58367.825              0      41.853548      4.6503943
      0.703125              0     -931568.82      614807.14              0              0              0              0     -796402.63      553477.96              0     -135166.19      61329.181              0      41.853548      4.6503943
    0.75585938              0     -971389.05      654701.27              0              0              0              0     -831526.75       588922.4              0      -139862.3      65778.873              0      41.853548      4.6503943
    0.80273438              0     -1016278.2      699610.69              0              0              0              0     -870714.99      629137.66              0      -145563.2      70473.031              0      41.853548      4.6503943
    0.85546875              0     -1080872.5       764096.9              0              0              0              0      -926395.1      686641.26              0     -154477.38       77455.64              0      41.853548      4.6503943
    0.90234375              0     -1157208.3       840480.2              0              0              0              0      -990779.8      753197.57              0     -166428.53      87282.621              0      41.853548      4.6503943
    0.95507812              0     -1279038.8      962443.57              0              0              0              0     -1089271.4      855130.44              0     -189767.34      107313.13              0      41.853548      4.6503943
     1.0019531              0     -1412576.6      1095916.1              0              0              0              0     -1193205.4      964028.98              0     -219371.24      131887.08              0      41.853548      4.6503943
     1.0546875              0     -1438401.3      1121798.5              0              0              0              0     -1221326.1      998799.13              0     -217075.25      122999.34              0      41.853548      4.6503943
     1.1015625              0     -1380142.9      1063463.5              0              0              0              0     -1180393.2      964893.15              0      -199749.7      98570.332              0      41.853548      4.6503943
     1.1542969              0     -1277588.7       960875.5              0              0              0              0       -1101025      890306.86              0     -176563.73      70568.639              0      41.853548      4.6503943
     1.2011719              0     -1187505.2      870694.94              0              0              0              0     -1027000.2      816098.43              0     -160504.97      54596.515              0      41.853548      4.6503943
     1.2539062              0     -1098858.5      782029.31              0              0              0              0     -951411.14      738097.76              0     -147447.38      43931.545              0      41.853548      4.6503943
     1.3007812              0     -1032190.4      715369.25              0              0              0              0     -893046.29      676955.67              0     -139144.06      38413.588              0      41.853548      4.6503943
     1.3535156              0     -969324.82      652513.34              0              0              0              0     -837291.61      618176.68              0     -132033.21      34336.664              0      41.853548      4.6503943
     1.4003906              0     -922217.01      605442.67              0              0              0              0     -795112.43      573582.99              0     -127104.58      31859.676              0      41.853548      4.6503943
      1.453125              0     -878618.99      561873.25              0              0              0              0     -755512.45      531838.22              0     -123106.55      30035.034              0      41.853548      4.6503943
     1.5058594              0     -842528.32      525777.14              0              0              0              0     -722065.08      496349.25              0     -120463.24      29427.893              0      41.853548      4.6503943
     1.5527344              0     -814151.62      497402.34              0              0              0              0     -695817.48      468291.19              0     -118334.14      29111.151              0      41.853548      4.6503943
     1.6054688              0      -785879.2      469088.35              0              0              0              0     -670041.91      440855.64              0     -115837.29      28232.709              0      41.853548      4.6503943
     1.6523438              0     -763783.29      446955.21              0              0              0              0     -650062.99      419605.71              0      -113720.3      27349.499              0      41.853548      4.6503943
     1.7050781              0     -743048.47      426243.02              0              0              0              0      -631123.3      399598.25              0     -111925.17      26644.768              0      41.853548      4.6503943
     1.7519531              0      -728449.7       411693.9              0              0              0              0     -617215.09       384907.6              0     -111234.62      26786.301              0      41.853548      4.6503943
     1.8046875              0     -714001.98      397291.84              0              0              0              0      -603081.8      369545.47              0     -110920.18      27746.369              0      41.853548      4.6503943
     1.8515625              0     -702195.08      385463.01              0              0              0              0     -591732.02      356988.68              0     -110463.06       28474.33              0      41.853548      4.6503943
     1.9042969              0     -690823.68      374057.23              0              0              0              0     -580960.39      345342.33              0     -109863.29      28714.903              0      41.853548      4.6503943
     1.9511719              0     -683658.61      366879.33              0              0              0              0     -573848.99      337915.87              0     -109809.62      28963.463              0      41.853548      4.6503943
     2.0039062              0     -678652.47       361816.8              0              0              0              0     -568029.66      331602.48              0     -110622.81      30214.322              0      41.853548      4.6503943
     2.0507812              0     -676635.91      359804.32              0              0              0              0     -564820.55      328045.82              0     -111815.35      31758.496              0      41.853548      4.6503943
     2.1035156              0     -677869.11      361061.97              0              0              0              0     -564285.72      327392.03              0     -113583.39       33669.94              0      41.853548      4.6503943
     2.1503906              0     -682027.92      365275.93              0              0              0              0     -566516.87      329489.45              0     -115511.05      35786.483              0      41.853548      4.6503943
      2.203125              0     -693520.54      376792.86              0              0              0              0     -574084.62      336836.81              0     -119435.92      39956.046              0      41.853548      4.6503943
     2.2558594              0     -720686.88      403958.51              0              0              0              0     -592415.15      355016.15              0     -128271.73      48942.365              0      41.853548      4.6503943
     2.3027344              0     -777949.24      461196.97              0              0              0              0     -629522.01      392726.22              0     -148427.23      68470.751              0      41.853548      4.6503943
     2.3554688              0     -821505.31      504811.48              0              0              0              0     -660522.33       427160.8              0     -160982.98      77650.685              0      41.853548      4.6503943
     2.4023438              0     -791763.83      475134.22              0              0              0              0     -643185.37      412475.12              0     -148578.46      62659.097              0      41.853548      4.6503943
     2.4550781              0     -753245.15      436597.58              0              0              0              0     -617214.51      387017.47              0     -136030.64      49580.114              0      41.853548      4.6503943
     2.5019531              0     -729055.83      412377.66              0              0              0              0     -598699.95      367878.15              0     -130355.89      44499.513              0      41.853548      4.6503943
     2.5546875              0     -716792.83      400122.18              0              0              0              0      -586973.7      355564.15              0     -129819.13      44558.028              0      41.853548      4.6503943
     2.6015625              0     -717947.64      401278.87              0              0              0              0     -583675.21      351628.19              0     -134272.43       49650.68              0      41.853548      4.6503943
     2.6542969              0     -702993.77      386372.98              0              0              0              0     -572579.35      340356.56              0     -130414.41      46016.424              0      41.853548      4.6503943
     2.7011719              0     -689585.63      373025.59              0              0              0              0     -563098.31      331317.04              0     -126487.32       41708.55              0      41.853548      4.6503943
     2.7539062              0     -678150.05      361654.11              0              0              0              0     -553769.08       321647.3              0     -124380.98       40006.81              0      41.853548      4.6503943
     2.8007812              0     -670976.23      354482.99              0              0              0              0     -547752.54      315558.67              0      -123223.7      38924.317              0      41.853548      4.6503943
     2.8535156              0     -662810.59      346328.49              0              0              0              0     -540772.89      307959.93              0     -122037.71      38368.562              0      41.853548      4.6503943
     2.9003906              0     -657101.35      340631.78              0              0              0              0     -535817.56      302657.55              0     -121283.79      37974.236              0      41.853548      4.6503943
      2.953125              0     -653274.46         336821              0              0              0              0      -532119.3      298551.66              0     -121155.16      38269.345              0      41.853548      4.6503943
             3              0     -653072.03      336620.87              0              0              0              0     -530923.79      297004.88              0     -122148.24      39615.992              0      41.853548      4.6503943
