      0.015625              0              0  1.8442715e+09              0              0              0              0              0  1.8442715e+09              0      1068279.2
   0.025645398              0              0  3.0223826e+09              0              0              0              0              0  3.0223826e+09              0      1068279.2
   0.035635355              0              0  4.2033345e+09              0              0              0              0              0  4.2033345e+09              0      1068279.2
   0.045653681              0              0  5.3971151e+09              0              0              0              0              0  5.3971151e+09              0      1068279.2
   0.055706303              0              0  6.6089397e+09              0              0              0              0              0  6.6089397e+09              0      1068279.2
   0.065799423              0              0  7.8466647e+09              0              0              0              0              0  7.8466647e+09              0      1068279.2
   0.075850204              0              0  9.1111848e+09              0              0              0              0              0  9.1111848e+09              0      1068279.2
   0.085678565              0              0  1.0390364e+10              0              0              0              0              0  1.0390364e+10              0      1068279.2
   0.095997499              0              0  1.1788202e+10              0              0              0              0              0  1.1788202e+10              0      1068279.2
    0.10582597              0              0  1.3181548e+10              0              0              0              0              0  1.3181548e+10              0      1068279.2
    0.11571693              0              0  1.4644578e+10              0              0              0              0              0  1.4644578e+10              0      1068279.2
    0.12601949              0              0   1.622746e+10              0              0              0              0              0   1.622746e+10              0      1068279.2
    0.13612905              0              0  1.7843331e+10              0              0              0              0              0  1.7843331e+10              0      1068279.2
       0.14586              0              0  1.9481386e+10              0              0              0              0              0  1.9481386e+10              0      1068279.2
     0.1556531              0              0  2.1185609e+10              0              0              0              0              0  2.1185609e+10              0      1068279.2
    0.16610372              0              0  2.3067206e+10              0              0              0              0              0  2.3067206e+10              0      1068279.2
      0.175822              0              0  2.4869867e+10              0              0              0              0              0  2.4869867e+10              0      1068279.2
    0.18610887              0              0  2.6834735e+10              0              0              0              0              0  2.6834735e+10              0      1068279.2
    0.19619914              0              0  2.8758231e+10              0              0              0              0              0  2.8758231e+10              0      1068279.2
    0.20599813              0              0  3.0708899e+10              0              0              0              0              0  3.0708899e+10              0      1068279.2
    0.21628652              0              0  3.2827837e+10              0              0              0              0              0  3.2827837e+10              0      1068279.2
    0.22616832              0              0  3.4865581e+10              0              0              0              0              0  3.4865581e+10              0      1068279.2
     0.2365016              0              0  3.6963962e+10              0              0              0              0              0  3.6963962e+10              0      1068279.2
    0.24630463              0              0  3.9055919e+10              0              0              0              0              0  3.9055919e+10              0      1068279.2
