0 7.68365e+00 4.39946e+00
1 1.06176e+01 2.95432e+00
2 8.90872e+00 4.19811e+00
3 8.65349e+00 6.61562e-01
4 6.28140e+00 1.31784e+00
5 5.75633e+00 -3.30842e-01
6 3.18746e+00 4.38767e+00
7 4.77650e+00 1.58559e+01
8 4.28197e+00 8.94155e+00
9 1.02474e+00 2.35104e+00
10 -8.61224e-01 -2.59634e-01
11 -1.57602e+00 -1.91249e+00
12 -3.18040e+00 -4.60796e+00
13 -3.33845e+00 -8.81083e+00
14 -4.86795e+00 -5.90085e+00
15 -5.20136e+00 -4.51256e+00
16 -5.16083e+00 -7.76786e+00
17 -4.98352e+00 -1.06418e+01
18 -5.86612e+00 -9.29197e+00
19 -6.20821e+00 -1.05636e+01
20 -6.69604e+00 -1.21560e+01
21 -6.55559e+00 -8.95580e+00
22 -6.14185e+00 -1.13900e+01
23 -6.06237e+00 -1.15165e+01
24 -6.40402e+00 -9.02844e+00
25 -6.75748e+00 -9.90222e+00
26 -7.13075e+00 -9.92832e+00
27 -6.58876e+00 -1.10960e+01
28 -6.35769e+00 -1.02010e+01
29 -7.28116e+00 -1.10247e+01
30 -7.29877e+00 -1.05992e+01
31 -7.37427e+00 -1.34941e+01
32 -7.54952e+00 -1.06301e+01
33 -7.85169e+00 -9.69955e+00
34 -7.53597e+00 -1.21937e+01
35 -8.04744e+00 -1.08717e+01
36 -7.85789e+00 -1.24686e+01
37 -7.61492e+00 -1.17013e+01
38 -7.47444e+00 -1.01461e+01
39 -7.63036e+00 -9.69192e+00
40 -8.29990e+00 -9.92346e+00
41 -8.49630e+00 -8.95184e+00
42 -7.96110e+00 -1.29121e+01
43 -8.18605e+00 -1.33220e+01
44 -9.22717e+00 -1.31211e+01
45 -9.22007e+00 -1.27012e+01
46 -9.12724e+00 -1.30764e+01
47 -9.50608e+00 -1.24885e+01
48 -9.48505e+00 -1.23716e+01
49 -9.40427e+00 -1.34354e+01
50 -9.49949e+00 -1.26150e+01
51 -9.64462e+00 -1.33132e+01
52 -9.87704e+00 -1.32997e+01
53 -9.73104e+00 -1.29711e+01
54 -9.89679e+00 -1.38259e+01
55 -9.97305e+00 -1.37351e+01
56 -1.01775e+01 -1.35899e+01
57 -1.02287e+01 -1.31455e+01
58 -1.00150e+01 -1.33221e+01
59 -1.01022e+01 -1.35941e+01
60 -1.00681e+01 -1.36639e+01
61 -1.01018e+01 -1.33755e+01
62 -1.01858e+01 -1.33763e+01
63 -1.00431e+01 -1.34133e+01
64 -1.05100e+01 -1.34863e+01
65 -1.03466e+01 -1.34971e+01
66 -1.02675e+01 -1.35016e+01
67 -1.03293e+01 -1.34761e+01
68 -9.99946e+00 -1.34068e+01
69 -1.04258e+01 -1.33809e+01
70 -1.04106e+01 -1.33101e+01
71 -1.02935e+01 -1.33670e+01
72 -1.02921e+01 -1.33953e+01
73 -1.01684e+01 -1.33050e+01
74 -1.05023e+01 -1.33433e+01
75 -1.02344e+01 -1.33778e+01
76 -1.06223e+01 -1.33335e+01
77 -1.03368e+01 -1.32885e+01
78 -1.05041e+01 -1.33000e+01
79 -1.04214e+01 -1.33063e+01
80 -1.04360e+01 -1.33455e+01
81 -1.04509e+01 -1.34132e+01
82 -1.06528e+01 -1.34415e+01
83 -1.06179e+01 -1.34621e+01
84 -1.06067e+01 -1.34460e+01
85 -1.06206e+01 -1.34841e+01
86 -1.04126e+01 -1.34944e+01
87 -1.06555e+01 -1.35040e+01
88 -1.02876e+01 -1.34831e+01
89 -1.04794e+01 -1.34624e+01
90 -1.07745e+01 -1.34626e+01
91 -1.03387e+01 -1.34532e+01
92 -1.03890e+01 -1.34493e+01
93 -1.05545e+01 -1.34491e+01
94 -1.05963e+01 -1.34532e+01
95 -1.04961e+01 -1.34584e+01
96 -1.06371e+01 -1.34763e+01
97 -1.06193e+01 -1.34634e+01
98 -1.05671e+01 -1.34632e+01
99 -1.06660e+01 -1.34679e+01
0 -1.05660e+01 -1.34702e+01
1 -1.04997e+01 -1.34760e+01
2 -1.04970e+01 -1.34611e+01
3 -1.07116e+01 -1.34580e+01
4 -1.04980e+01 -1.34702e+01
5 -1.06087e+01 -1.34666e+01
6 -1.01865e+01 -1.34678e+01
7 -1.03104e+01 -1.34513e+01
8 -1.07762e+01 -1.34403e+01
9 -1.05150e+01 -1.34290e+01
10 -1.04296e+01 -1.34392e+01
11 -1.05351e+01 -1.34498e+01
12 -1.05644e+01 -1.34497e+01
13 -1.07582e+01 -1.34627e+01
14 -1.07396e+01 -1.34674e+01
15 -1.06747e+01 -1.34651e+01
16 -1.05304e+01 -1.34637e+01
17 -1.04461e+01 -1.34638e+01
18 -1.06420e+01 -1.34495e+01
19 -1.06403e+01 -1.34488e+01
20 -1.04228e+01 -1.34694e+01
21 -1.04516e+01 -1.34707e+01
22 -1.04784e+01 -1.34823e+01
23 -1.06259e+01 -1.34927e+01
24 -1.03625e+01 -1.34927e+01
25 -1.05084e+01 -1.34961e+01
26 -1.05572e+01 -1.34919e+01
27 -1.06861e+01 -1.34682e+01
28 -1.03209e+01 -1.34746e+01
29 -1.07472e+01 -1.34663e+01
30 -1.06271e+01 -1.34748e+01
31 -1.05709e+01 -1.34773e+01
32 -1.03312e+01 -1.34643e+01
33 -1.04173e+01 -1.34602e+01
34 -1.05895e+01 -1.34694e+01
35 -1.06574e+01 -1.34688e+01
36 -1.06692e+01 -1.34687e+01
37 -1.07341e+01 -1.34813e+01
38 -1.06558e+01 -1.34903e+01
39 -1.05488e+01 -1.34779e+01
40 -1.03663e+01 -1.34829e+01
41 -1.04041e+01 -1.34877e+01
42 -1.04775e+01 -1.34842e+01
43 -1.03937e+01 -1.34871e+01
44 -1.07154e+01 -1.34643e+01
45 -1.04388e+01 -1.34579e+01
46 -1.07266e+01 -1.34686e+01
47 -1.04032e+01 -1.34719e+01
48 -1.06037e+01 -1.34740e+01
49 -1.05667e+01 -1.34781e+01
50 -1.05245e+01 -1.34818e+01
51 -1.06048e+01 -1.34685e+01
52 -1.04542e+01 -1.34747e+01
53 -1.07115e+01 -1.34931e+01
54 -1.04855e+01 -1.34865e+01
55 -1.06901e+01 -1.34833e+01
56 -1.04997e+01 -1.34770e+01
57 -1.05369e+01 -1.34622e+01
58 -1.05873e+01 -1.34784e+01
59 -1.04403e+01 -1.34721e+01
60 -1.05760e+01 -1.34776e+01
61 -1.04887e+01 -1.34765e+01
62 -1.04237e+01 -1.34798e+01
63 -1.07494e+01 -1.34734e+01
64 -1.05555e+01 -1.34846e+01
65 -1.04963e+01 -1.34737e+01
66 -1.04514e+01 -1.34734e+01
67 -1.03864e+01 -1.34756e+01
68 -1.07262e+01 -1.34828e+01
69 -1.05953e+01 -1.34875e+01
70 -1.06961e+01 -1.34788e+01
71 -1.06550e+01 -1.34783e+01
72 -1.05446e+01 -1.34928e+01
73 -1.05185e+01 -1.34735e+01
74 -1.05543e+01 -1.34878e+01
75 -1.06363e+01 -1.34687e+01
76 -1.06142e+01 -1.34901e+01
77 -1.04970e+01 -1.34746e+01
78 -1.06133e+01 -1.34646e+01
79 -1.05088e+01 -1.34879e+01
80 -1.05906e+01 -1.34720e+01
81 -1.07061e+01 -1.34758e+01
82 -1.05366e+01 -1.34813e+01
83 -1.04016e+01 -1.34764e+01
84 -1.02559e+01 -1.34857e+01
85 -1.04190e+01 -1.34849e+01
86 -1.04930e+01 -1.34827e+01
87 -1.04263e+01 -1.34788e+01
88 -1.03686e+01 -1.34759e+01
89 -1.05347e+01 -1.34753e+01
90 -1.05887e+01 -1.34856e+01
91 -1.05040e+01 -1.34561e+01
92 -1.02146e+01 -1.34568e+01
93 -1.07544e+01 -1.34597e+01
94 -1.05910e+01 -1.34588e+01
95 -1.06167e+01 -1.34725e+01
96 -1.04034e+01 -1.34713e+01
97 -1.05266e+01 -1.34607e+01
98 -1.06263e+01 -1.34564e+01
99 -1.04522e+01 -1.34598e+01
100 -1.04593e+01 -1.34573e+01
101 -1.06196e+01 -1.34426e+01
102 -1.05982e+01 -1.34400e+01
103 -1.05787e+01 -1.34409e+01
104 -1.05172e+01 -1.34316e+01
105 -1.04798e+01 -1.34458e+01
106 -1.04357e+01 -1.34567e+01
107 -1.05373e+01 -1.34663e+01
108 -1.06554e+01 -1.34690e+01
109 -1.03659e+01 -1.34731e+01
110 -1.02336e+01 -1.34852e+01
111 -1.04927e+01 -1.34841e+01
112 -1.06671e+01 -1.34801e+01
113 -1.07697e+01 -1.34931e+01
114 -1.06120e+01 -1.34794e+01
115 -1.04855e+01 -1.34833e+01
116 -1.03184e+01 -1.35115e+01
117 -1.06766e+01 -1.34900e+01
118 -1.06236e+01 -1.34948e+01
119 -1.05289e+01 -1.34852e+01
120 -1.07320e+01 -1.34757e+01
121 -1.07137e+01 -1.34726e+01
122 -1.05176e+01 -1.34727e+01
123 -1.06477e+01 -1.34783e+01
124 -1.05603e+01 -1.34781e+01
125 -1.06138e+01 -1.34713e+01
126 -1.05670e+01 -1.34666e+01
127 -1.07634e+01 -1.34702e+01
128 -1.06433e+01 -1.34753e+01
129 -1.06641e+01 -1.34657e+01
130 -1.07269e+01 -1.34601e+01
131 -1.07072e+01 -1.34762e+01
132 -1.04481e+01 -1.34911e+01
133 -1.05783e+01 -1.34866e+01
134 -1.03644e+01 -1.34941e+01
135 -1.04929e+01 -1.34753e+01
136 -1.04385e+01 -1.34806e+01
137 -1.06633e+01 -1.34773e+01
138 -1.05887e+01 -1.34729e+01
139 -1.04379e+01 -1.34806e+01
140 -1.04884e+01 -1.34809e+01
141 -1.06493e+01 -1.34952e+01
142 -1.06941e+01 -1.34966e+01
143 -1.04440e+01 -1.34901e+01
144 -1.06776e+01 -1.34937e+01
145 -1.03842e+01 -1.34906e+01
146 -1.04480e+01 -1.34730e+01
147 -1.02737e+01 -1.34833e+01
148 -1.03220e+01 -1.34867e+01
149 -1.04968e+01 -1.34884e+01
150 -1.04447e+01 -1.34953e+01
151 -1.01925e+01 -1.34843e+01
152 -1.07699e+01 -1.34832e+01
153 -1.04849e+01 -1.34810e+01
154 -1.06313e+01 -1.34794e+01
155 -1.02878e+01 -1.34945e+01
156 -1.04903e+01 -1.34899e+01
157 -1.05595e+01 -1.34726e+01
158 -1.04420e+01 -1.34744e+01
159 -1.02872e+01 -1.34912e+01
160 -1.05942e+01 -1.34674e+01
161 -1.05006e+01 -1.34718e+01
162 -1.05294e+01 -1.34701e+01
163 -1.03254e+01 -1.34645e+01
164 -1.05458e+01 -1.34569e+01
165 -1.07587e+01 -1.34768e+01
166 -1.05137e+01 -1.34802e+01
167 -1.04279e+01 -1.34881e+01
168 -1.07292e+01 -1.34740e+01
169 -1.06241e+01 -1.34728e+01
170 -1.06212e+01 -1.34686e+01
171 -1.05853e+01 -1.34634e+01
172 -1.03344e+01 -1.34457e+01
173 -1.01802e+01 -1.34493e+01
174 -1.04119e+01 -1.34744e+01
175 -1.05909e+01 -1.34620e+01
176 -1.06595e+01 -1.34510e+01
177 -1.06257e+01 -1.34563e+01
178 -1.06097e+01 -1.34421e+01
179 -1.04976e+01 -1.34425e+01
180 -1.05615e+01 -1.34576e+01
181 -1.03285e+01 -1.34733e+01
182 -1.06842e+01 -1.34582e+01
183 -1.07617e+01 -1.34712e+01
184 -1.05612e+01 -1.34899e+01
185 -1.04802e+01 -1.34848e+01
186 -1.05426e+01 -1.34849e+01
187 -1.06955e+01 -1.34700e+01
188 -1.06929e+01 -1.34792e+01
189 -1.06449e+01 -1.34804e+01
190 -1.05382e+01 -1.34854e+01
191 -1.08755e+01 -1.34840e+01
192 -1.06777e+01 -1.34732e+01
193 -1.06637e+01 -1.34866e+01
194 -1.06607e+01 -1.34803e+01
195 -1.05573e+01 -1.34853e+01
196 -1.06604e+01 -1.34951e+01
197 -1.07397e+01 -1.34819e+01
198 -1.04561e+01 -1.34861e+01
199 -1.04188e+01 -1.34743e+01
200 -1.06716e+01 -1.34785e+01
201 -1.05505e+01 -1.34745e+01
202 -1.07065e+01 -1.34796e+01
203 -1.06460e+01 -1.34903e+01
204 -1.06272e+01 -1.35018e+01
205 -1.04755e+01 -1.35035e+01
206 -1.04074e+01 -1.34893e+01
207 -1.05992e+01 -1.34753e+01
208 -1.06263e+01 -1.34843e+01
209 -1.03268e+01 -1.34820e+01
210 -1.06105e+01 -1.34750e+01
211 -1.04690e+01 -1.34800e+01
212 -1.06163e+01 -1.34694e+01
213 -1.05447e+01 -1.34739e+01
214 -1.05986e+01 -1.34863e+01
215 -1.06659e+01 -1.34853e+01
216 -1.05660e+01 -1.34716e+01
217 -1.04045e+01 -1.34597e+01
218 -1.06669e+01 -1.34749e+01
219 -1.05406e+01 -1.34573e+01
220 -1.03958e+01 -1.34494e+01
221 -1.03771e+01 -1.34433e+01
222 -1.06135e+01 -1.34696e+01
223 -1.07119e+01 -1.34847e+01
224 -1.04896e+01 -1.34856e+01
225 -1.05739e+01 -1.34951e+01
226 -1.04748e+01 -1.34970e+01
227 -1.06865e+01 -1.34925e+01
228 -1.07189e+01 -1.34770e+01
229 -1.05897e+01 -1.34755e+01
230 -1.02414e+01 -1.34590e+01
231 -1.04993e+01 -1.34671e+01
232 -1.04942e+01 -1.34502e+01
233 -1.08204e+01 -1.34632e+01
234 -1.05001e+01 -1.34758e+01
235 -1.06380e+01 -1.34741e+01
236 -1.05389e+01 -1.34602e+01
237 -1.04500e+01 -1.34644e+01
238 -1.04961e+01 -1.34758e+01
239 -1.07306e+01 -1.34797e+01
240 -1.06012e+01 -1.34694e+01
241 -1.03920e+01 -1.34693e+01
242 -1.03987e+01 -1.34587e+01
243 -1.04638e+01 -1.34763e+01
244 -1.05822e+01 -1.34771e+01
245 -1.04636e+01 -1.34679e+01
246 -1.07071e+01 -1.34694e+01
247 -1.04325e+01 -1.34846e+01
248 -1.06232e+01 -1.35055e+01
249 -1.05284e+01 -1.34904e+01
250 -1.04934e+01 -1.34860e+01
251 -1.04718e+01 -1.35102e+01
252 -1.07091e+01 -1.34887e+01
253 -1.08262e+01 -1.34901e+01
254 -1.06476e+01 -1.34825e+01
255 -1.06526e+01 -1.34597e+01
256 -1.05654e+01 -1.34678e+01
257 -1.03883e+01 -1.34698e+01
258 -1.06564e+01 -1.34743e+01
259 -1.02785e+01 -1.34853e+01
260 -1.07246e+01 -1.34742e+01
261 -1.05550e+01 -1.34703e+01
262 -1.07774e+01 -1.34789e+01
263 -1.06259e+01 -1.34877e+01
264 -1.07421e+01 -1.34904e+01
265 -1.05485e+01 -1.35010e+01
266 -1.03262e+01 -1.34901e+01
267 -1.03673e+01 -1.34901e+01
268 -1.06365e+01 -1.35037e+01
269 -1.04855e+01 -1.35019e+01
270 -1.04635e+01 -1.34855e+01
271 -1.04948e+01 -1.34947e+01
272 -1.06840e+01 -1.34877e+01
273 -1.05101e+01 -1.34869e+01
274 -1.05209e+01 -1.35005e+01
275 -1.05994e+01 -1.35031e+01
0 4.51600e+00 -5.70174e+00
1 -5.81129e+00 -9.07160e+00
2 -6.90461e+00 -1.00377e+01
3 -7.98452e+00 -8.66914e+00
4 -7.73833e+00 -1.03002e+01
5 -8.51256e+00 -1.08075e+01
6 -8.67020e+00 -1.02676e+01
7 -8.75928e+00 -1.22984e+01
8 -8.89703e+00 -1.05880e+01
9 -8.94984e+00 -1.22095e+01
10 -9.17126e+00 -1.25465e+01
11 -9.20093e+00 -1.23727e+01
12 -9.18916e+00 -1.26096e+01
13 -9.34274e+00 -1.17445e+01
14 -9.28356e+00 -1.02509e+01
15 -9.05158e+00 -1.10280e+01
16 -9.40147e+00 -9.92323e+00
17 -9.33159e+00 -1.10945e+01
18 -9.60353e+00 -1.11047e+01
19 -9.76397e+00 -9.94688e+00
20 -9.49627e+00 -1.18086e+01
21 -9.70260e+00 -1.08003e+01
22 -9.64523e+00 -1.06764e+01
23 -9.69377e+00 -1.16219e+01
24 -1.00196e+01 -1.18287e+01
25 -1.01779e+01 -1.14584e+01
26 -1.04397e+01 -1.22095e+01
27 -1.06192e+01 -1.12435e+01
28 -1.07344e+01 -1.10346e+01
29 -1.08155e+01 -1.14133e+01
30 -1.09175e+01 -1.07709e+01
31 -1.07921e+01 -1.10906e+01
32 -1.10910e+01 -1.15167e+01
33 -1.11449e+01 -1.15237e+01
34 -1.14064e+01 -1.08336e+01
35 -1.13027e+01 -1.15259e+01
36 -1.17913e+01 -1.13489e+01
37 -1.20713e+01 -1.12884e+01
38 -1.22909e+01 -1.13200e+01
39 -1.24770e+01 -1.12447e+01
40 -1.25260e+01 -1.16011e+01
41 -1.26766e+01 -1.14326e+01
42 -1.26457e+01 -1.12293e+01
43 -1.28016e+01 -1.14646e+01
44 -1.28841e+01 -1.14752e+01
45 -1.30908e+01 -1.13195e+01
46 -1.34137e+01 -1.13971e+01
47 -1.33962e+01 -1.14970e+01
48 -1.36037e+01 -1.14253e+01
49 -1.35485e+01 -1.14691e+01
50 -1.37927e+01 -1.15070e+01
51 -1.36908e+01 -1.14029e+01
52 -1.38565e+01 -1.14610e+01
53 -1.38770e+01 -1.15436e+01
54 -1.41072e+01 -1.15620e+01
55 -1.42012e+01 -1.15243e+01
56 -1.42145e+01 -1.15188e+01
57 -1.43393e+01 -1.14853e+01
58 -1.43855e+01 -1.14472e+01
59 -1.43189e+01 -1.14624e+01
60 -1.43448e+01 -1.14885e+01
61 -1.44050e+01 -1.15284e+01
62 -1.43642e+01 -1.15091e+01
63 -1.45618e+01 -1.13655e+01
64 -1.43898e+01 -1.15316e+01
65 -1.42766e+01 -1.15243e+01
66 -1.45515e+01 -1.14722e+01
67 -1.44289e+01 -1.15247e+01
68 -1.45411e+01 -1.14659e+01
69 -1.45370e+01 -1.14931e+01
70 -1.46110e+01 -1.15294e+01
71 -1.42250e+01 -1.15199e+01
72 -1.46039e+01 -1.14888e+01
73 -1.46268e+01 -1.15204e+01
74 -1.46663e+01 -1.14704e+01
75 -1.46651e+01 -1.15386e+01
76 -1.44761e+01 -1.15044e+01
77 -1.45801e+01 -1.14983e+01
78 -1.46696e+01 -1.14675e+01
79 -1.46108e+01 -1.14303e+01
80 -1.46939e+01 -1.14232e+01
81 -1.46265e+01 -1.14843e+01
82 -1.46510e+01 -1.14937e+01
83 -1.44472e+01 -1.15389e+01
84 -1.45291e+01 -1.14263e+01
85 -1.45814e+01 -1.14118e+01
86 -1.45165e+01 -1.15266e+01
87 -1.44514e+01 -1.15230e+01
88 -1.46264e+01 -1.14864e+01
89 -1.45061e+01 -1.15603e+01
90 -1.46665e+01 -1.15160e+01
91 -1.46920e+01 -1.14767e+01
92 -1.46330e+01 -1.14359e+01
93 -1.44013e+01 -1.14701e+01
94 -1.46235e+01 -1.14817e+01
95 -1.46937e+01 -1.15196e+01
96 -1.45512e+01 -1.14785e+01
97 -1.45948e+01 -1.15232e+01
98 -1.46952e+01 -1.14456e+01
99 -1.45305e+01 -1.15030e+01
100 -1.44710e+01 -1.14931e+01
101 -1.45053e+01 -1.14727e+01
102 -1.46554e+01 -1.14714e+01
103 -1.45249e+01 -1.14572e+01
104 -1.46009e+01 -1.15830e+01
105 -1.46675e+01 -1.15193e+01
106 -1.47088e+01 -1.14690e+01
107 -1.46970e+01 -1.15649e+01
108 -1.44570e+01 -1.14984e+01
109 -1.46458e+01 -1.14713e+01
110 -1.46059e+01 -1.14713e+01
111 -1.45669e+01 -1.14470e+01
112 -1.46927e+01 -1.15396e+01
113 -1.46455e+01 -1.15251e+01
114 -1.45346e+01 -1.15553e+01
115 -1.46485e+01 -1.14397e+01
116 -1.46614e+01 -1.14968e+01
117 -1.47089e+01 -1.15202e+01
118 -1.46320e+01 -1.14410e+01
119 -1.47431e+01 -1.14683e+01
120 -1.45471e+01 -1.14992e+01
121 -1.47345e+01 -1.14581e+01
122 -1.45260e+01 -1.15150e+01
123 -1.45393e+01 -1.15564e+01
124 -1.46301e+01 -1.15485e+01
125 -1.45391e+01 -1.15313e+01
126 -1.45221e+01 -1.15146e+01
127 -1.43780e+01 -1.14921e+01
128 -1.45364e+01 -1.14731e+01
129 -1.45864e+01 -1.14519e+01
130 -1.44861e+01 -1.14902e+01
131 -1.47110e+01 -1.14146e+01
132 -1.46265e+01 -1.14657e+01
133 -1.47062e+01 -1.15491e+01
134 -1.44896e+01 -1.15764e+01
135 -1.46464e+01 -1.14404e+01
136 -1.46854e+01 -1.15117e+01
137 -1.44520e+01 -1.14592e+01
138 -1.45490e+01 -1.14650e+01
139 -1.45366e+01 -1.14855e+01
140 -1.46846e+01 -1.15181e+01
141 -1.46738e+01 -1.14906e+01
142 -1.46932e+01 -1.15335e+01
143 -1.45948e+01 -1.14909e+01
144 -1.45164e+01 -1.15018e+01
145 -1.46905e+01 -1.15027e+01
146 -1.45235e+01 -1.15373e+01
147 -1.46018e+01 -1.15222e+01
148 -1.44994e+01 -1.14825e+01
149 -1.46904e+01 -1.14951e+01
150 -1.46469e+01 -1.14816e+01
151 -1.47229e+01 -1.15364e+01
152 -1.46833e+01 -1.14135e+01
153 -1.46145e+01 -1.14965e+01
154 -1.47316e+01 -1.14274e+01
155 -1.44846e+01 -1.14624e+01
156 -1.46509e+01 -1.14697e+01
157 -1.46342e+01 -1.14496e+01
158 -1.46594e+01 -1.15477e+01
159 -1.46735e+01 -1.15495e+01
160 -1.46463e+01 -1.14601e+01
161 -1.44276e+01 -1.14509e+01
162 -1.46544e+01 -1.14519e+01
163 -1.47006e+01 -1.14984e+01
164 -1.47536e+01 -1.14879e+01
165 -1.46940e+01 -1.14432e+01
166 -1.47328e+01 -1.15096e+01
0 4.48079e+00 -2.99737e+00
1 -5.40231e+00 -7.80091e+00
2 -6.91959e+00 -9.73686e+00
3 -7.92690e+00 -9.93198e+00
4 -8.11342e+00 -1.04416e+01
5 -8.46708e+00 -9.98976e+00
6 -7.96634e+00 -1.11146e+01
7 -8.83306e+00 -1.16833e+01
8 -9.04157e+00 -1.08994e+01
9 -9.05540e+00 -1.10597e+01
10 -8.73905e+00 -1.20484e+01
11 -9.22752e+00 -1.08830e+01
12 -9.24975e+00 -1.16347e+01
13 -9.36667e+00 -1.09356e+01
14 -9.39127e+00 -1.12148e+01
15 -8.79728e+00 -1.19653e+01
16 -9.48629e+00 -1.08528e+01
17 -9.58690e+00 -1.05454e+01
18 -9.67131e+00 -1.05522e+01
19 -9.65719e+00 -1.00841e+01
20 -9.48911e+00 -1.20514e+01
21 -9.79332e+00 -1.10123e+01
22 -9.81752e+00 -1.07441e+01
23 -9.87576e+00 -9.55021e+00
24 -9.73515e+00 -1.09853e+01
25 -9.94347e+00 -9.94153e+00
26 -1.00735e+01 -1.12566e+01
27 -9.42558e+00 -1.14069e+01
28 -1.00592e+01 -1.06475e+01
29 -1.00312e+01 -9.84511e+00
30 -9.92102e+00 -1.08774e+01
31 -1.02694e+01 -1.16970e+01
32 -1.04411e+01 -1.19350e+01
33 -1.08823e+01 -1.11703e+01
34 -1.10045e+01 -1.15115e+01
35 -1.11348e+01 -1.18937e+01
36 -1.13850e+01 -1.15944e+01
37 -1.15552e+01 -1.13423e+01
38 -1.16758e+01 -1.19224e+01
39 -1.17619e+01 -1.10092e+01
40 -1.18878e+01 -1.11807e+01
41 -1.17433e+01 -1.17406e+01
42 -1.20998e+01 -1.06971e+01
43 -1.23893e+01 -1.16061e+01
44 -1.26729e+01 -1.15056e+01
45 -1.28732e+01 -1.15054e+01
46 -1.29033e+01 -1.16043e+01
47 -1.31459e+01 -1.16138e+01
48 -1.33674e+01 -1.13944e+01
49 -1.35312e+01 -1.16728e+01
50 -1.35146e+01 -1.16400e+01
51 -1.36781e+01 -1.14923e+01
52 -1.36040e+01 -1.16184e+01
53 -1.38378e+01 -1.18125e+01
54 -1.39417e+01 -1.15902e+01
55 -1.41798e+01 -1.17215e+01
56 -1.43437e+01 -1.18221e+01
57 -1.43981e+01 -1.16767e+01
58 -1.45911e+01 -1.17138e+01
59 -1.45166e+01 -1.17295e+01
60 -1.45734e+01 -1.17288e+01
61 -1.46521e+01 -1.16899e+01
62 -1.46137e+01 -1.17596e+01
63 -1.47639e+01 -1.16646e+01
64 -1.47844e+01 -1.17596e+01
0 3.92990e+00 -6.89217e+00
1 -7.24971e+00 -7.53507e+00
2 -7.56302e+00 -7.42144e+00
3 -7.61818e+00 -7.57279e+00
4 -7.63938e+00 -7.55461e+00
5 -7.65865e+00 -7.59567e+00
6 -7.67257e+00 -7.57293e+00
7 -7.68530e+00 -7.62667e+00
8 -7.69580e+00 -7.63898e+00
9 -7.70363e+00 -7.64283e+00
10 -7.70756e+00 -7.66830e+00
11 -7.71034e+00 -7.67262e+00
12 -7.71285e+00 -7.68957e+00
13 -7.71520e+00 -7.68256e+00
14 -7.71675e+00 -7.66790e+00
15 -7.71782e+00 -7.65714e+00
16 -7.71897e+00 -7.67701e+00
17 -7.72042e+00 -7.66713e+00
18 -7.72161e+00 -7.65532e+00
19 -7.72309e+00 -7.68677e+00
20 -7.72386e+00 -7.69549e+00
21 -7.72470e+00 -7.68691e+00
22 -7.72448e+00 -7.67895e+00
23 -7.72484e+00 -7.70181e+00
24 -7.72500e+00 -7.65331e+00
25 -7.72498e+00 -7.68713e+00
26 -7.72495e+00 -7.67768e+00
27 -7.72510e+00 -7.65957e+00
28 -7.72501e+00 -7.67445e+00
29 -7.72575e+00 -7.69101e+00
30 -7.72557e+00 -7.62375e+00
31 -7.72590e+00 -7.66453e+00
0 4.32358e+00 -2.28744e-01
1 -4.69810e+00 -5.93666e+00
2 -5.95729e+00 -6.47520e+00
3 -6.26647e+00 -6.69941e+00
4 -6.46387e+00 -7.35668e+00
5 -7.11041e+00 -6.27462e+00
6 -7.19544e+00 -7.29218e+00
7 -7.43562e+00 -6.48290e+00
8 -7.64977e+00 -7.85060e+00
9 -7.88749e+00 -6.87794e+00
10 -7.98995e+00 -6.77234e+00
11 -8.08359e+00 -7.37485e+00
12 -7.73091e+00 -8.07063e+00
13 -8.35723e+00 -6.89445e+00
14 -8.40591e+00 -7.15512e+00
15 -8.51727e+00 -7.60170e+00
16 -8.55137e+00 -7.00798e+00
17 -8.70263e+00 -7.75137e+00
18 -8.66947e+00 -6.29554e+00
19 -8.79410e+00 -6.98628e+00
20 -8.84232e+00 -7.50155e+00
21 -8.79827e+00 -7.19205e+00
22 -8.94476e+00 -6.81835e+00
23 -8.90499e+00 -7.55016e+00
24 -9.45949e+00 -8.52554e+00
25 -9.52982e+00 -9.32201e+00
26 -9.60456e+00 -8.57251e+00
27 -9.63791e+00 -8.58694e+00
28 -9.71409e+00 -9.38992e+00
29 -9.77259e+00 -9.14623e+00
30 -9.75180e+00 -8.92072e+00
31 -9.73304e+00 -9.61709e+00
32 -9.76354e+00 -9.06291e+00
33 -9.75445e+00 -8.78390e+00
34 -9.78412e+00 -8.02897e+00
35 -9.86022e+00 -8.71589e+00
36 -9.87016e+00 -8.75926e+00
37 -9.90750e+00 -8.01601e+00
38 -9.96606e+00 -9.14216e+00
39 -9.98519e+00 -8.06304e+00
40 -9.93082e+00 -8.28224e+00
41 -1.00174e+01 -8.32534e+00
42 -1.00286e+01 -9.10656e+00
43 -1.03215e+01 -9.29882e+00
44 -1.03888e+01 -1.00667e+01
45 -1.04424e+01 -1.00863e+01
46 -1.04342e+01 -9.69425e+00
47 -1.04556e+01 -9.98688e+00
48 -1.04275e+01 -9.91084e+00
49 -1.04500e+01 -1.00923e+01
50 -1.05009e+01 -9.90689e+00
51 -1.04774e+01 -1.01623e+01
52 -1.06114e+01 -9.85498e+00
53 -1.05021e+01 -9.88637e+00
54 -1.06187e+01 -1.00304e+01
55 -1.05677e+01 -9.36607e+00
56 -1.06173e+01 -9.75085e+00
57 -1.05753e+01 -9.81908e+00
58 -1.06308e+01 -1.01743e+01
59 -1.06395e+01 -9.53094e+00
60 -1.06497e+01 -9.96596e+00
61 -1.06567e+01 -1.02678e+01
62 -1.07360e+01 -1.01318e+01
63 -1.07334e+01 -9.80186e+00
64 -1.07091e+01 -9.74486e+00
65 -1.06915e+01 -9.73701e+00
66 -1.08188e+01 -9.88060e+00
67 -1.07726e+01 -9.84058e+00
68 -1.08369e+01 -9.14150e+00
69 -1.07556e+01 -9.83841e+00
70 -1.08812e+01 -1.02047e+01
71 -1.08547e+01 -1.00230e+01
72 -1.09022e+01 -9.52388e+00
73 -1.10057e+01 -1.06018e+01
74 -1.10824e+01 -1.05082e+01
75 -1.11834e+01 -1.04320e+01
76 -1.11554e+01 -1.03272e+01
77 -1.12059e+01 -1.03361e+01
78 -1.11568e+01 -1.03088e+01
79 -1.11555e+01 -1.02142e+01
80 -1.11700e+01 -1.01531e+01
81 -1.12100e+01 -1.04135e+01
82 -1.12113e+01 -1.05288e+01
83 -1.11828e+01 -1.03915e+01
84 -1.12017e+01 -1.02873e+01
85 -1.12954e+01 -1.05056e+01
86 -1.12689e+01 -1.06001e+01
87 -1.13752e+01 -1.04736e+01
88 -1.13552e+01 -1.05404e+01
89 -1.13236e+01 -1.05572e+01
90 -1.13167e+01 -1.05610e+01
91 -1.14124e+01 -1.04475e+01
92 -1.13514e+01 -1.05443e+01
93 -1.13639e+01 -1.05118e+01
94 -1.13668e+01 -1.05404e+01
95 -1.13885e+01 -1.06166e+01
96 -1.13282e+01 -1.05744e+01
97 -1.13644e+01 -1.04634e+01
98 -1.13812e+01 -1.05189e+01
99 -1.13714e+01 -1.05706e+01
100 -1.14331e+01 -1.04652e+01
101 -1.13788e+01 -1.05095e+01
102 -1.13662e+01 -1.05409e+01
103 -1.13679e+01 -1.05348e+01
104 -1.13871e+01 -1.03452e+01
105 -1.14178e+01 -1.04970e+01
106 -1.14324e+01 -1.05047e+01
107 -1.14321e+01 -1.05053e+01
108 -1.14520e+01 -1.05492e+01
109 -1.14298e+01 -1.05522e+01
110 -1.13843e+01 -1.05764e+01
111 -1.14662e+01 -1.04990e+01
112 -1.14926e+01 -1.05032e+01
113 -1.14227e+01 -1.05434e+01
114 -1.14577e+01 -1.05308e+01
115 -1.14443e+01 -1.05838e+01
116 -1.14770e+01 -1.05252e+01
117 -1.14032e+01 -1.04366e+01
118 -1.15102e+01 -1.05307e+01
119 -1.14899e+01 -1.05651e+01
120 -1.14599e+01 -1.05514e+01
121 -1.14607e+01 -1.05381e+01
122 -1.14776e+01 -1.05531e+01
123 -1.14847e+01 -1.05469e+01
124 -1.14669e+01 -1.05301e+01
125 -1.14818e+01 -1.05491e+01
126 -1.15438e+01 -1.05074e+01
127 -1.14671e+01 -1.04667e+01
128 -1.14336e+01 -1.05869e+01
129 -1.14312e+01 -1.05656e+01
130 -1.14851e+01 -1.05489e+01
131 -1.15230e+01 -1.05015e+01
132 -1.14444e+01 -1.05393e+01
133 -1.14863e+01 -1.05231e+01
134 -1.14925e+01 -1.05581e+01
135 -1.15233e+01 -1.05268e+01
136 -1.15298e+01 -1.04612e+01
137 -1.14946e+01 -1.05040e+01
138 -1.15317e+01 -1.05468e+01
139 -1.15384e+01 -1.05627e+01
140 -1.14896e+01 -1.05128e+01
141 -1.15167e+01 -1.04930e+01
142 -1.15131e+01 -1.05061e+01
143 -1.14694e+01 -1.05004e+01
144 -1.15520e+01 -1.05617e+01
145 -1.15666e+01 -1.04886e+01
146 -1.14686e+01 -1.05256e+01
147 -1.15043e+01 -1.05071e+01
148 -1.15179e+01 -1.05437e+01
149 -1.15071e+01 -1.05723e+01
150 -1.15545e+01 -1.04935e+01
151 -1.14924e+01 -1.05332e+01
152 -1.15097e+01 -1.04862e+01
153 -1.14313e+01 -1.05677e+01
154 -1.14822e+01 -1.05277e+01
155 -1.15118e+01 -1.05645e+01
156 -1.15059e+01 -1.05664e+01
157 -1.15315e+01 -1.05425e+01
158 -1.14832e+01 -1.05140e+01
159 -1.14370e+01 -1.05490e+01
160 -1.15216e+01 -1.05236e+01
161 -1.14841e+01 -1.05246e+01
162 -1.15078e+01 -1.05247e+01
163 -1.14858e+01 -1.05011e+01
164 -1.15156e+01 -1.05317e+01
165 -1.14257e+01 -1.04897e+01
166 -1.15164e+01 -1.05725e+01
167 -1.14995e+01 -1.05493e+01
168 -1.14611e+01 -1.05205e+01
169 -1.14874e+01 -1.05316e+01
170 -1.14717e+01 -1.04748e+01
171 -1.14518e+01 -1.05581e+01
172 -1.14905e+01 -1.05235e+01
173 -1.15218e+01 -1.05384e+01
174 -1.14977e+01 -1.05588e+01
175 -1.14596e+01 -1.05426e+01
176 -1.15140e+01 -1.05466e+01
177 -1.15063e+01 -1.05487e+01
178 -1.15305e+01 -1.05039e+01
179 -1.15266e+01 -1.05147e+01
180 -1.15597e+01 -1.05197e+01
181 -1.14591e+01 -1.04667e+01
182 -1.15305e+01 -1.05383e+01
183 -1.14742e+01 -1.05425e+01
184 -1.15615e+01 -1.05391e+01
185 -1.15373e+01 -1.05118e+01
186 -1.14690e+01 -1.05630e+01
187 -1.15076e+01 -1.05577e+01
188 -1.15469e+01 -1.05368e+01
189 -1.14682e+01 -1.05286e+01
190 -1.14791e+01 -1.05229e+01
191 -1.14314e+01 -1.05308e+01
192 -1.14891e+01 -1.05183e+01
193 -1.14968e+01 -1.05239e+01
194 -1.14156e+01 -1.05132e+01
195 -1.14301e+01 -1.05557e+01
0 4.57949e+00 1.39520e+00
196 -1.15232e+01 -1.05239e+01
197 -1.15055e+01 -1.05292e+01
1 -3.66558e+00 -6.22608e+00
198 -1.14538e+01 -1.05259e+01
199 -1.14774e+01 -1.05272e+01
2 -5.69481e+00 -6.59841e+00
200 -1.15086e+01 -1.05674e+01
201 -1.14755e+01 -1.05144e+01
3 -6.50970e+00 -6.50571e+00
202 -1.15054e+01 -1.05157e+01
203 -1.14657e+01 -1.05187e+01
204 -1.14728e+01 -1.05590e+01
4 -6.70069e+00 -6.82180e+00
205 -1.14677e+01 -1.05219e+01
206 -1.14901e+01 -1.05482e+01
5 -7.09986e+00 -7.51922e+00
207 -1.14723e+01 -1.05193e+01
208 -1.14796e+01 -1.04757e+01
6 -7.27851e+00 -7.03764e+00
209 -1.14576e+01 -1.05034e+01
210 -1.15049e+01 -1.05280e+01
7 -7.62462e+00 -7.84276e+00
211 -1.14529e+01 -1.05666e+01
212 -1.15064e+01 -1.05605e+01
213 -1.15363e+01 -1.05250e+01
8 -7.72353e+00 -7.36232e+00
214 -1.14752e+01 -1.05156e+01
215 -1.15051e+01 -1.05524e+01
9 -7.93903e+00 -7.46605e+00
216 -1.14589e+01 -1.05201e+01
217 -1.14927e+01 -1.04921e+01
218 -1.15138e+01 -1.05040e+01
10 -7.79827e+00 -7.26701e+00
219 -1.14782e+01 -1.05656e+01
11 -8.07472e+00 -7.29527e+00
220 -1.15064e+01 -1.05329e+01
221 -1.15263e+01 -1.05116e+01
222 -1.15198e+01 -1.05288e+01
12 -8.12461e+00 -7.93215e+00
223 -1.15364e+01 -1.05556e+01
224 -1.15005e+01 -1.05044e+01
13 -8.27063e+00 -8.19076e+00
225 -1.14945e+01 -1.05192e+01
14 -8.39263e+00 -7.80447e+00
226 -1.14829e+01 -1.05253e+01
227 -1.15417e+01 -1.05272e+01
15 -8.38574e+00 -5.26444e+00
228 -1.14784e+01 -1.05574e+01
229 -1.15295e+01 -1.05641e+01
16 -8.21064e+00 -7.43599e+00
230 -1.14908e+01 -1.05349e+01
17 -8.55368e+00 -7.13357e+00
231 -1.14777e+01 -1.05664e+01
232 -1.15291e+01 -1.05056e+01
233 -1.15147e+01 -1.05664e+01
18 -8.65618e+00 -6.14642e+00
234 -1.15333e+01 -1.05608e+01
235 -1.15368e+01 -1.05100e+01
236 -1.14871e+01 -1.05201e+01
19 -8.71407e+00 -6.68313e+00
237 -1.14797e+01 -1.05633e+01
238 -1.15188e+01 -1.05339e+01
20 -8.64381e+00 -8.01610e+00
239 -1.14788e+01 -1.04961e+01
240 -1.14455e+01 -1.05641e+01
241 -1.15490e+01 -1.05354e+01
21 -8.82532e+00 -7.69415e+00
242 -1.15108e+01 -1.05523e+01
243 -1.15051e+01 -1.05203e+01
22 -8.75708e+00 -6.94127e+00
244 -1.15042e+01 -1.05338e+01
245 -1.14815e+01 -1.05475e+01
23 -8.92015e+00 -8.33287e+00
246 -1.15146e+01 -1.05689e+01
247 -1.14291e+01 -1.05256e+01
248 -1.14196e+01 -1.05860e+01
24 -8.91308e+00 -7.04682e+00
249 -1.14678e+01 -1.05166e+01
250 -1.14873e+01 -1.05006e+01
25 -8.98575e+00 -7.06771e+00
251 -1.15469e+01 -1.05679e+01
252 -1.14954e+01 -1.05373e+01
26 -8.96573e+00 -8.14929e+00
253 -1.15174e+01 -1.05365e+01
27 -9.15327e+00 -7.58653e+00
254 -1.14677e+01 -1.05190e+01
28 -9.05332e+00 -8.43941e+00
255 -1.14920e+01 -1.05474e+01
29 -9.24642e+00 -7.48191e+00
256 -1.15969e+01 -1.05225e+01
257 -1.15137e+01 -1.05428e+01
30 -9.30175e+00 -5.05819e+00
258 -1.14478e+01 -1.04443e+01
259 -1.14854e+01 -1.05104e+01
31 -9.20384e+00 -5.86209e+00
260 -1.15049e+01 -1.05472e+01
32 -9.28946e+00 -8.10001e+00
261 -1.15687e+01 -1.05543e+01
262 -1.15019e+01 -1.05251e+01
33 -9.30892e+00 -8.19167e+00
263 -1.14840e+01 -1.04511e+01
264 -1.15536e+01 -1.05390e+01
34 -9.40034e+00 -7.55475e+00
265 -1.15075e+01 -1.05159e+01
266 -1.14996e+01 -1.05529e+01
35 -9.43727e+00 -7.19247e+00
267 -1.14975e+01 -1.05157e+01
36 -9.42569e+00 -6.48680e+00
268 -1.14477e+01 -1.05217e+01
269 -1.15242e+01 -1.05097e+01
270 -1.15090e+01 -1.05446e+01
271 -1.15218e+01 -1.05234e+01
272 -1.14714e+01 -1.05334e+01
273 -1.14921e+01 -1.05015e+01
274 -1.14986e+01 -1.05228e+01
275 -1.14296e+01 -1.05646e+01
276 -1.14849e+01 -1.05468e+01
277 -1.15011e+01 -1.05167e+01
278 -1.14433e+01 -1.05227e+01
279 -1.14635e+01 -1.05202e+01
280 -1.14544e+01 -1.05562e+01
281 -1.15640e+01 -1.04666e+01
282 -1.14899e+01 -1.05366e+01
283 -1.15723e+01 -1.05300e+01
284 -1.14525e+01 -1.05070e+01
285 -1.14830e+01 -1.05527e+01
286 -1.15243e+01 -1.05111e+01
287 -1.15169e+01 -1.05282e+01
288 -1.15204e+01 -1.05480e+01
289 -1.14867e+01 -1.05443e+01
290 -1.14676e+01 -1.05472e+01
291 -1.15256e+01 -1.05801e+01
292 -1.15204e+01 -1.05757e+01
293 -1.14952e+01 -1.05560e+01
294 -1.15153e+01 -1.05627e+01
295 -1.14660e+01 -1.04627e+01
296 -1.14679e+01 -1.05777e+01
297 -1.14793e+01 -1.04873e+01
298 -1.15082e+01 -1.05237e+01
299 -1.14819e+01 -1.05058e+01
300 -1.15105e+01 -1.05326e+01
301 -1.14192e+01 -1.05509e+01
302 -1.15214e+01 -1.05625e+01
303 -1.14654e+01 -1.05202e+01
304 -1.15306e+01 -1.05477e+01
305 -1.14770e+01 -1.04746e+01
306 -1.15236e+01 -1.05345e+01
307 -1.14136e+01 -1.05726e+01
308 -1.14689e+01 -1.05725e+01
309 -1.14444e+01 -1.05112e+01
310 -1.14636e+01 -1.05388e+01
311 -1.14869e+01 -1.05435e+01
312 -1.14262e+01 -1.05653e+01
313 -1.14762e+01 -1.05651e+01
314 -1.15280e+01 -1.05104e+01
315 -1.15343e+01 -1.05240e+01
316 -1.14903e+01 -1.05164e+01
317 -1.14712e+01 -1.05295e+01
318 -1.14488e+01 -1.05122e+01
319 -1.14623e+01 -1.05296e+01
320 -1.14996e+01 -1.05506e+01
321 -1.14573e+01 -1.05237e+01
322 -1.14884e+01 -1.05319e+01
323 -1.14885e+01 -1.05153e+01
324 -1.14416e+01 -1.05370e+01
325 -1.14651e+01 -1.05497e+01
326 -1.14867e+01 -1.05536e+01
327 -1.15060e+01 -1.05226e+01
328 -1.15490e+01 -1.05660e+01
329 -1.15203e+01 -1.04853e+01
330 -1.15221e+01 -1.05014e+01
331 -1.14886e+01 -1.05410e+01
332 -1.14929e+01 -1.05159e+01
333 -1.15143e+01 -1.05331e+01
334 -1.14730e+01 -1.05365e+01
335 -1.14728e+01 -1.05633e+01
336 -1.14314e+01 -1.04914e+01
337 -1.14763e+01 -1.05438e+01
338 -1.14411e+01 -1.05367e+01
339 -1.14716e+01 -1.05650e+01
340 -1.14968e+01 -1.05195e+01
341 -1.14820e+01 -1.04758e+01
342 -1.14477e+01 -1.05512e+01
343 -1.15164e+01 -1.05291e+01
344 -1.15423e+01 -1.05172e+01
345 -1.15209e+01 -1.04928e+01
346 -1.15048e+01 -1.05001e+01
347 -1.15793e+01 -1.05697e+01
348 -1.15615e+01 -1.05306e+01
349 -1.14863e+01 -1.05425e+01
350 -1.15060e+01 -1.05233e+01
351 -1.14954e+01 -1.05434e+01
352 -1.14555e+01 -1.05186e+01
353 -1.15600e+01 -1.05280e+01
354 -1.15162e+01 -1.05626e+01
355 -1.14610e+01 -1.05532e+01
356 -1.14899e+01 -1.05464e+01
357 -1.14985e+01 -1.05185e+01
358 -1.14569e+01 -1.05476e+01
359 -1.15038e+01 -1.05228e+01
360 -1.14513e+01 -1.05528e+01
361 -1.14362e+01 -1.05374e+01
362 -1.14731e+01 -1.05220e+01
363 -1.15212e+01 -1.05492e+01
364 -1.14343e+01 -1.05521e+01
365 -1.14916e+01 -1.05093e+01
366 -1.15359e+01 -1.05318e+01
367 -1.14995e+01 -1.05262e+01
368 -1.15190e+01 -1.05352e+01
369 -1.14377e+01 -1.05195e+01
370 -1.15766e+01 -1.05651e+01
371 -1.15032e+01 -1.05370e+01
372 -1.14825e+01 -1.05443e+01
373 -1.14947e+01 -1.05247e+01
374 -1.15066e+01 -1.05524e+01
375 -1.15226e+01 -1.04954e+01
376 -1.14807e+01 -1.05741e+01
377 -1.14953e+01 -1.05298e+01
378 -1.15095e+01 -1.05276e+01
379 -1.15103e+01 -1.05280e+01
380 -1.14994e+01 -1.05526e+01
381 -1.14856e+01 -1.05290e+01
382 -1.15706e+01 -1.05304e+01
383 -1.14988e+01 -1.05550e+01
384 -1.15116e+01 -1.05763e+01
385 -1.14246e+01 -1.05880e+01
386 -1.14958e+01 -1.05085e+01
387 -1.15408e+01 -1.05288e+01
388 -1.14647e+01 -1.05520e+01
389 -1.15354e+01 -1.04867e+01
390 -1.14654e+01 -1.05108e+01
391 -1.15216e+01 -1.05524e+01
392 -1.14318e+01 -1.05305e+01
393 -1.15068e+01 -1.04751e+01
394 -1.14639e+01 -1.04651e+01
395 -1.14879e+01 -1.05423e+01
396 -1.15530e+01 -1.04874e+01
397 -1.15478e+01 -1.05274e+01
398 -1.14586e+01 -1.05061e+01
399 -1.15202e+01 -1.04952e+01
400 -1.14892e+01 -1.05216e+01
401 -1.15524e+01 -1.05331e+01
402 -1.15061e+01 -1.05031e+01
403 -1.14487e+01 -1.05166e+01
404 -1.14458e+01 -1.05602e+01
405 -1.14886e+01 -1.05286e+01
406 -1.14722e+01 -1.05459e+01
407 -1.14871e+01 -1.05192e+01
408 -1.15051e+01 -1.05103e+01
409 -1.15115e+01 -1.05235e+01
410 -1.14915e+01 -1.05374e+01
411 -1.14641e+01 -1.05805e+01
412 -1.14900e+01 -1.05203e+01
413 -1.14413e+01 -1.05190e+01
414 -1.15568e+01 -1.05190e+01
415 -1.14319e+01 -1.04493e+01
416 -1.15188e+01 -1.05461e+01
417 -1.15268e+01 -1.05070e+01
418 -1.14596e+01 -1.05425e+01
419 -1.15103e+01 -1.05530e+01
420 -1.14878e+01 -1.05058e+01
421 -1.15130e+01 -1.05472e+01
422 -1.15058e+01 -1.04910e+01
423 -1.15294e+01 -1.05368e+01
424 -1.14817e+01 -1.05451e+01
425 -1.15124e+01 -1.05312e+01
426 -1.14323e+01 -1.05239e+01
427 -1.14865e+01 -1.05654e+01
428 -1.14694e+01 -1.05025e+01
429 -1.15104e+01 -1.05296e+01
430 -1.14986e+01 -1.05213e+01
431 -1.15132e+01 -1.05069e+01
432 -1.15007e+01 -1.05773e+01
433 -1.15143e+01 -1.05603e+01
434 -1.15202e+01 -1.05211e+01
435 -1.15246e+01 -1.05178e+01
436 -1.15200e+01 -1.05254e+01
437 -1.14288e+01 -1.05420e+01
438 -1.14209e+01 -1.05199e+01
439 -1.14455e+01 -1.04893e+01
440 -1.14963e+01 -1.05445e+01
441 -1.15205e+01 -1.05411e+01
442 -1.15128e+01 -1.05346e+01
443 -1.14878e+01 -1.04855e+01
444 -1.14415e+01 -1.05528e+01
445 -1.14837e+01 -1.05324e+01
446 -1.15433e+01 -1.05496e+01
447 -1.15362e+01 -1.05408e+01
448 -1.14618e+01 -1.05475e+01
449 -1.13989e+01 -1.04816e+01
450 -1.14694e+01 -1.05656e+01
451 -1.15490e+01 -1.04351e+01
452 -1.15563e+01 -1.05336e+01
453 -1.14785e+01 -1.05219e+01
454 -1.14512e+01 -1.05414e+01
455 -1.15143e+01 -1.05319e+01
456 -1.14878e+01 -1.05213e+01
457 -1.14762e+01 -1.05260e+01
458 -1.15404e+01 -1.05666e+01
459 -1.14643e+01 -1.05524e+01
460 -1.14555e+01 -1.05418e+01
461 -1.14718e+01 -1.05423e+01
462 -1.15004e+01 -1.05296e+01
463 -1.14730e+01 -1.05404e+01
464 -1.15354e+01 -1.05666e+01
465 -1.14895e+01 -1.04406e+01
466 -1.14029e+01 -1.05520e+01
467 -1.14471e+01 -1.05460e+01
468 -1.15092e+01 -1.05213e+01
469 -1.15025e+01 -1.05573e+01
470 -1.15112e+01 -1.05033e+01
471 -1.15456e+01 -1.05218e+01
472 -1.14881e+01 -1.05925e+01
473 -1.14941e+01 -1.05180e+01
474 -1.14923e+01 -1.05279e+01
475 -1.14890e+01 -1.05499e+01
476 -1.15104e+01 -1.05313e+01
477 -1.15529e+01 -1.05110e+01
478 -1.14463e+01 -1.05418e+01
479 -1.15144e+01 -1.04913e+01
480 -1.14872e+01 -1.05222e+01
481 -1.15294e+01 -1.05373e+01
482 -1.14935e+01 -1.05126e+01
483 -1.15814e+01 -1.05492e+01
484 -1.14982e+01 -1.05458e+01
485 -1.14883e+01 -1.05611e+01
486 -1.14775e+01 -1.05220e+01
487 -1.15299e+01 -1.05298e+01
488 -1.15559e+01 -1.05274e+01
489 -1.14591e+01 -1.05289e+01
490 -1.15425e+01 -1.05559e+01
491 -1.14728e+01 -1.05457e+01
492 -1.14905e+01 -1.04944e+01
493 -1.15029e+01 -1.05184e+01
494 -1.14709e+01 -1.05161e+01
495 -1.15664e+01 -1.05392e+01
496 -1.15017e+01 -1.05527e+01
497 -1.15055e+01 -1.05472e+01
498 -1.14760e+01 -1.05392e+01
499 -1.15066e+01 -1.05365e+01
500 -1.15178e+01 -1.05028e+01
501 -1.15027e+01 -1.05098e+01
502 -1.15368e+01 -1.05128e+01
503 -1.15172e+01 -1.04977e+01
504 -1.15077e+01 -1.05315e+01
505 -1.15205e+01 -1.05035e+01
506 -1.14675e+01 -1.04983e+01
507 -1.15138e+01 -1.05251e+01
508 -1.14524e+01 -1.05611e+01
509 -1.14752e+01 -1.05337e+01
510 -1.14759e+01 -1.05245e+01
511 -1.14684e+01 -1.05424e+01
512 -1.14856e+01 -1.05585e+01
513 -1.15182e+01 -1.05315e+01
514 -1.14792e+01 -1.05100e+01
515 -1.14935e+01 -1.05436e+01
516 -1.14782e+01 -1.05507e+01
517 -1.14764e+01 -1.05249e+01
518 -1.14925e+01 -1.05129e+01
519 -1.14876e+01 -1.05358e+01
520 -1.13375e+01 -1.05650e+01
521 -1.14573e+01 -1.05449e+01
522 -1.14113e+01 -1.05252e+01
523 -1.14413e+01 -1.05420e+01
524 -1.15044e+01 -1.04734e+01
525 -1.14945e+01 -1.05024e+01
526 -1.14930e+01 -1.05551e+01
527 -1.15667e+01 -1.05264e+01
528 -1.14980e+01 -1.04677e+01
529 -1.15411e+01 -1.05621e+01
530 -1.14787e+01 -1.05470e+01
531 -1.15138e+01 -1.05326e+01
532 -1.14805e+01 -1.05312e+01
533 -1.14598e+01 -1.05375e+01
534 -1.15052e+01 -1.05789e+01
535 -1.15065e+01 -1.05375e+01
536 -1.15058e+01 -1.05012e+01
537 -1.14838e+01 -1.05194e+01
538 -1.14543e+01 -1.05586e+01
539 -1.14886e+01 -1.05175e+01
540 -1.15047e+01 -1.05022e+01
541 -1.15159e+01 -1.05702e+01
542 -1.14756e+01 -1.05277e+01
543 -1.14256e+01 -1.05637e+01
544 -1.15114e+01 -1.05030e+01
545 -1.15283e+01 -1.05583e+01
546 -1.14912e+01 -1.05237e+01
547 -1.15369e+01 -1.05036e+01
548 -1.14919e+01 -1.05283e+01
549 -1.14721e+01 -1.05139e+01
550 -1.15297e+01 -1.05013e+01
551 -1.14832e+01 -1.05237e+01
552 -1.14885e+01 -1.05185e+01
553 -1.15083e+01 -1.05673e+01
554 -1.14484e+01 -1.05818e+01
555 -1.15295e+01 -1.05771e+01
556 -1.14438e+01 -1.05206e+01
557 -1.15085e+01 -1.04851e+01
558 -1.14704e+01 -1.05353e+01
559 -1.15036e+01 -1.05514e+01
560 -1.14804e+01 -1.05676e+01
561 -1.14784e+01 -1.05304e+01
562 -1.15018e+01 -1.05861e+01
563 -1.15144e+01 -1.05293e+01
564 -1.14475e+01 -1.04573e+01
565 -1.14930e+01 -1.05426e+01
566 -1.14628e+01 -1.04995e+01
567 -1.14920e+01 -1.05584e+01
568 -1.13942e+01 -1.05422e+01
569 -1.14912e+01 -1.05530e+01
570 -1.14347e+01 -1.04983e+01
571 -1.15476e+01 -1.05397e+01
572 -1.15044e+01 -1.05739e+01
573 -1.15259e+01 -1.05180e+01
574 -1.14610e+01 -1.05247e+01
575 -1.14902e+01 -1.05744e+01
576 -1.15008e+01 -1.05156e+01
577 -1.14886e+01 -1.05428e+01
578 -1.15261e+01 -1.05523e+01
579 -1.14751e+01 -1.05438e+01
580 -1.14817e+01 -1.05513e+01
581 -1.14702e+01 -1.04516e+01
582 -1.14925e+01 -1.04716e+01
583 -1.15746e+01 -1.05564e+01
584 -1.15006e+01 -1.05557e+01
585 -1.15648e+01 -1.05355e+01
586 -1.15334e+01 -1.05665e+01
587 -1.15251e+01 -1.05497e+01
588 -1.15114e+01 -1.05714e+01
589 -1.15041e+01 -1.05372e+01
590 -1.14368e+01 -1.05465e+01
591 -1.15222e+01 -1.05703e+01
592 -1.15019e+01 -1.05501e+01
593 -1.14179e+01 -1.05490e+01
594 -1.15083e+01 -1.05346e+01
595 -1.15582e+01 -1.05254e+01
596 -1.15635e+01 -1.05274e+01
597 -1.14355e+01 -1.05241e+01
598 -1.14808e+01 -1.05467e+01
599 -1.15213e+01 -1.05048e+01
600 -1.15097e+01 -1.04875e+01
601 -1.15204e+01 -1.05325e+01
602 -1.14886e+01 -1.05031e+01
603 -1.15238e+01 -1.05622e+01
604 -1.14587e+01 -1.05180e+01
605 -1.15711e+01 -1.06032e+01
606 -1.14989e+01 -1.04921e+01
607 -1.15028e+01 -1.05173e+01
608 -1.14935e+01 -1.04951e+01
609 -1.14867e+01 -1.05012e+01
610 -1.14592e+01 -1.05614e+01
611 -1.14809e+01 -1.04945e+01
612 -1.15219e+01 -1.05563e+01
613 -1.14863e+01 -1.05099e+01
614 -1.15021e+01 -1.05385e+01
615 -1.15020e+01 -1.05205e+01
616 -1.15048e+01 -1.05519e+01
617 -1.14382e+01 -1.05651e+01
618 -1.14713e+01 -1.05366e+01
619 -1.14842e+01 -1.05513e+01
620 -1.15288e+01 -1.05488e+01
621 -1.14807e+01 -1.04729e+01
622 -1.14411e+01 -1.05733e+01
623 -1.14687e+01 -1.05531e+01
624 -1.14994e+01 -1.05343e+01
625 -1.15386e+01 -1.05349e+01
626 -1.14598e+01 -1.05412e+01
627 -1.14788e+01 -1.05359e+01
628 -1.14994e+01 -1.05228e+01
629 -1.15442e+01 -1.05077e+01
630 -1.15251e+01 -1.05386e+01
631 -1.14612e+01 -1.04958e+01
632 -1.14903e+01 -1.05484e+01
633 -1.15674e+01 -1.05411e+01
634 -1.15143e+01 -1.05515e+01
635 -1.14294e+01 -1.04572e+01
636 -1.15718e+01 -1.05336e+01
637 -1.15346e+01 -1.05287e+01
638 -1.15132e+01 -1.05231e+01
639 -1.14569e+01 -1.05556e+01
640 -1.14863e+01 -1.05623e+01
641 -1.14784e+01 -1.04940e+01
642 -1.14886e+01 -1.05202e+01
643 -1.14556e+01 -1.05365e+01
644 -1.14571e+01 -1.05434e+01
645 -1.14853e+01 -1.05539e+01
646 -1.15023e+01 -1.05319e+01
647 -1.15415e+01 -1.05215e+01
648 -1.14811e+01 -1.05032e+01
649 -1.15547e+01 -1.05264e+01
650 -1.15042e+01 -1.05665e+01
651 -1.14659e+01 -1.05578e+01
652 -1.15145e+01 -1.05740e+01
653 -1.14401e+01 -1.04889e+01
654 -1.15311e+01 -1.05473e+01
655 -1.15662e+01 -1.05525e+01
656 -1.15233e+01 -1.05051e+01
657 -1.15520e+01 -1.05146e+01
658 -1.15406e+01 -1.05362e+01
659 -1.14325e+01 -1.05340e+01
660 -1.15187e+01 -1.05314e+01
661 -1.15069e+01 -1.05163e+01
662 -1.15252e+01 -1.04935e+01
663 -1.14465e+01 -1.05061e+01
664 -1.15296e+01 -1.05345e+01
665 -1.15654e+01 -1.05165e+01
666 -1.15559e+01 -1.05516e+01
667 -1.15239e+01 -1.05270e+01
668 -1.14896e+01 -1.05672e+01
669 -1.15329e+01 -1.05402e+01
670 -1.14881e+01 -1.04924e+01
671 -1.15065e+01 -1.05439e+01
672 -1.15325e+01 -1.05183e+01
673 -1.14619e+01 -1.05232e+01
674 -1.15256e+01 -1.05436e+01
675 -1.15328e+01 -1.05531e+01
676 -1.14926e+01 -1.04674e+01
677 -1.15394e+01 -1.05372e+01
678 -1.15086e+01 -1.04901e+01
679 -1.14997e+01 -1.04693e+01
680 -1.14710e+01 -1.05310e+01
681 -1.15283e+01 -1.04865e+01
682 -1.15484e+01 -1.05425e+01
683 -1.14456e+01 -1.05699e+01
684 -1.15070e+01 -1.05313e+01
685 -1.15169e+01 -1.05203e+01
686 -1.15317e+01 -1.05007e+01
687 -1.15462e+01 -1.05989e+01
688 -1.15297e+01 -1.05377e+01
689 -1.15072e+01 -1.05731e+01
690 -1.15104e+01 -1.05285e+01
691 -1.15661e+01 -1.05339e+01
692 -1.14938e+01 -1.05212e+01
693 -1.14834e+01 -1.05380e+01
694 -1.15282e+01 -1.05326e+01
695 -1.14497e+01 -1.05434e+01
696 -1.14842e+01 -1.05124e+01
697 -1.14823e+01 -1.05414e+01
698 -1.15223e+01 -1.05494e+01
699 -1.14533e+01 -1.05835e+01
700 -1.15563e+01 -1.05861e+01
701 -1.15009e+01 -1.05358e+01
702 -1.15036e+01 -1.05444e+01
703 -1.15366e+01 -1.05339e+01
704 -1.15245e+01 -1.05395e+01
705 -1.14983e+01 -1.05429e+01
706 -1.15208e+01 -1.05407e+01
707 -1.15560e+01 -1.05142e+01
708 -1.15221e+01 -1.05219e+01
709 -1.15303e+01 -1.05451e+01
710 -1.14604e+01 -1.05559e+01
711 -1.15061e+01 -1.05471e+01
712 -1.14726e+01 -1.04915e+01
713 -1.14994e+01 -1.05291e+01
714 -1.15017e+01 -1.05352e+01
715 -1.14907e+01 -1.05783e+01
716 -1.15227e+01 -1.04941e+01
717 -1.15752e+01 -1.05284e+01
718 -1.14960e+01 -1.05383e+01
719 -1.15064e+01 -1.05398e+01
720 -1.15370e+01 -1.04785e+01
721 -1.14734e+01 -1.05266e+01
722 -1.15107e+01 -1.05485e+01
723 -1.14983e+01 -1.05322e+01
724 -1.14869e+01 -1.05533e+01
725 -1.14705e+01 -1.04901e+01
726 -1.15080e+01 -1.05360e+01
727 -1.14964e+01 -1.05666e+01
728 -1.14998e+01 -1.05046e+01
729 -1.15411e+01 -1.05562e+01
730 -1.14869e+01 -1.04886e+01
731 -1.15090e+01 -1.05373e+01
732 -1.14959e+01 -1.05301e+01
733 -1.14765e+01 -1.05534e+01
734 -1.14769e+01 -1.05372e+01
735 -1.15328e+01 -1.05185e+01
736 -1.15478e+01 -1.05320e+01
737 -1.14752e+01 -1.05503e+01
738 -1.14803e+01 -1.05403e+01
739 -1.14703e+01 -1.05094e+01
740 -1.15936e+01 -1.05362e+01
741 -1.15643e+01 -1.05368e+01
742 -1.14757e+01 -1.05152e+01
743 -1.14838e+01 -1.04855e+01
744 -1.14925e+01 -1.04933e+01
745 -1.15331e+01 -1.05003e+01
746 -1.14924e+01 -1.05187e+01
747 -1.15251e+01 -1.05433e+01
748 -1.15350e+01 -1.05637e+01
749 -1.15175e+01 -1.05419e+01
750 -1.15217e+01 -1.05539e+01
751 -1.15091e+01 -1.04688e+01
752 -1.15121e+01 -1.05675e+01
753 -1.15135e+01 -1.05479e+01
754 -1.14740e+01 -1.05897e+01
755 -1.14539e+01 -1.05108e+01
756 -1.14494e+01 -1.05465e+01
757 -1.14437e+01 -1.05570e+01
758 -1.15214e+01 -1.05108e+01
759 -1.14921e+01 -1.05641e+01
760 -1.15135e+01 -1.05379e+01
761 -1.14571e+01 -1.05343e+01
762 -1.14822e+01 -1.04752e+01
763 -1.14894e+01 -1.05498e+01
764 -1.14611e+01 -1.04833e+01
765 -1.15246e+01 -1.05636e+01
766 -1.15087e+01 -1.05773e+01
767 -1.15416e+01 -1.05263e+01
768 -1.15232e+01 -1.05564e+01
769 -1.14480e+01 -1.05135e+01
770 -1.14846e+01 -1.04734e+01
771 -1.14750e+01 -1.05028e+01
772 -1.14987e+01 -1.05223e+01
773 -1.14961e+01 -1.05449e+01
774 -1.15389e+01 -1.05440e+01
775 -1.15200e+01 -1.05346e+01
776 -1.15024e+01 -1.05218e+01
777 -1.14482e+01 -1.05617e+01
778 -1.14915e+01 -1.05706e+01
779 -1.14894e+01 -1.05429e+01
780 -1.15593e+01 -1.05563e+01
781 -1.14953e+01 -1.05295e+01
782 -1.15327e+01 -1.05377e+01
783 -1.14720e+01 -1.05223e+01
784 -1.14816e+01 -1.05595e+01
785 -1.15592e+01 -1.05388e+01
786 -1.15447e+01 -1.05433e+01
787 -1.15725e+01 -1.04998e+01
788 -1.15487e+01 -1.05147e+01
789 -1.14899e+01 -1.05140e+01
790 -1.14993e+01 -1.05272e+01
791 -1.15530e+01 -1.05124e+01
792 -1.15218e+01 -1.05111e+01
793 -1.15075e+01 -1.05336e+01
794 -1.15546e+01 -1.05287e+01
795 -1.15084e+01 -1.05265e+01
796 -1.15438e+01 -1.05333e+01
797 -1.14603e+01 -1.05540e+01
798 -1.15224e+01 -1.04998e+01
799 -1.14837e+01 -1.05269e+01
800 -1.15280e+01 -1.04957e+01
801 -1.15621e+01 -1.05273e+01
802 -1.14786e+01 -1.05905e+01
803 -1.14909e+01 -1.05100e+01
804 -1.14722e+01 -1.05077e+01
805 -1.14806e+01 -1.05058e+01
806 -1.14463e+01 -1.05070e+01
807 -1.15081e+01 -1.05193e+01
808 -1.14449e+01 -1.05872e+01
809 -1.14853e+01 -1.05060e+01
810 -1.14861e+01 -1.05594e+01
811 -1.15391e+01 -1.05390e+01
812 -1.14679e+01 -1.04918e+01
813 -1.14824e+01 -1.05879e+01
814 -1.14962e+01 -1.05395e+01
815 -1.14853e+01 -1.05277e+01
816 -1.15004e+01 -1.05828e+01
817 -1.15329e+01 -1.05334e+01
818 -1.14978e+01 -1.05218e+01
819 -1.14517e+01 -1.04833e+01
820 -1.15486e+01 -1.05375e+01
821 -1.14869e+01 -1.05613e+01
822 -1.14745e+01 -1.05289e+01
823 -1.15398e+01 -1.05483e+01
824 -1.15046e+01 -1.05230e+01
825 -1.15389e+01 -1.05241e+01
826 -1.14619e+01 -1.04959e+01
827 -1.15125e+01 -1.05256e+01
828 -1.14680e+01 -1.05188e+01
829 -1.14968e+01 -1.05263e+01
830 -1.15050e+01 -1.05582e+01
831 -1.14972e+01 -1.05431e+01
832 -1.14403e+01 -1.04948e+01
833 -1.14708e+01 -1.05305e+01
834 -1.15120e+01 -1.05331e+01
835 -1.14861e+01 -1.05513e+01
836 -1.15388e+01 -1.05361e+01
837 -1.14346e+01 -1.05133e+01
838 -1.15466e+01 -1.05606e+01
839 -1.15749e+01 -1.05185e+01
840 -1.15150e+01 -1.05793e+01
841 -1.14898e+01 -1.05025e+01
842 -1.15094e+01 -1.05090e+01
843 -1.15298e+01 -1.05250e+01
844 -1.14858e+01 -1.05057e+01
845 -1.14316e+01 -1.05430e+01
846 -1.14907e+01 -1.05163e+01
847 -1.14814e+01 -1.05663e+01
848 -1.15325e+01 -1.05243e+01
849 -1.15257e+01 -1.05412e+01
850 -1.14084e+01 -1.05537e+01
851 -1.13976e+01 -1.05316e+01
852 -1.14845e+01 -1.04997e+01
853 -1.15046e+01 -1.05091e+01
854 -1.15200e+01 -1.05654e+01
855 -1.14583e+01 -1.05521e+01
856 -1.14715e+01 -1.05572e+01
857 -1.15250e+01 -1.05288e+01
858 -1.14654e+01 -1.05495e+01
859 -1.14725e+01 -1.05499e+01
860 -1.15054e+01 -1.05226e+01
861 -1.15024e+01 -1.05651e+01
862 -1.14870e+01 -1.05663e+01
863 -1.15208e+01 -1.05337e+01
864 -1.13640e+01 -1.05383e+01
865 -1.14722e+01 -1.05220e+01
866 -1.15101e+01 -1.05482e+01
867 -1.14620e+01 -1.05721e+01
868 -1.14796e+01 -1.05192e+01
869 -1.15259e+01 -1.05447e+01
870 -1.15204e+01 -1.05620e+01
871 -1.14905e+01 -1.05501e+01
872 -1.15101e+01 -1.05399e+01
873 -1.14965e+01 -1.05305e+01
874 -1.14524e+01 -1.04894e+01
875 -1.15201e+01 -1.05089e+01
876 -1.14659e+01 -1.05318e+01
877 -1.14706e+01 -1.05418e+01
878 -1.15848e+01 -1.05382e+01
879 -1.14804e+01 -1.05530e+01
880 -1.15565e+01 -1.05114e+01
881 -1.14803e+01 -1.05307e+01
882 -1.15101e+01 -1.05228e+01
883 -1.14738e+01 -1.05448e+01
884 -1.15185e+01 -1.05288e+01
885 -1.15388e+01 -1.05213e+01
886 -1.14724e+01 -1.05134e+01
887 -1.14884e+01 -1.05419e+01
888 -1.14768e+01 -1.05456e+01
889 -1.14834e+01 -1.05257e+01
890 -1.15752e+01 -1.05297e+01
891 -1.15283e+01 -1.05500e+01
892 -1.14522e+01 -1.05171e+01
893 -1.14750e+01 -1.05850e+01
894 -1.15019e+01 -1.05686e+01
895 -1.15481e+01 -1.05702e+01
896 -1.15200e+01 -1.05465e+01
897 -1.15118e+01 -1.05212e+01
898 -1.15550e+01 -1.05080e+01
899 -1.15529e+01 -1.05151e+01
900 -1.14625e+01 -1.05342e+01
901 -1.15131e+01 -1.05577e+01
902 -1.15747e+01 -1.05576e+01
903 -1.15278e+01 -1.05563e+01
904 -1.14680e+01 -1.04661e+01
905 -1.14849e+01 -1.05998e+01
906 -1.14742e+01 -1.05179e+01
907 -1.14855e+01 -1.05298e+01
908 -1.15597e+01 -1.04900e+01
909 -1.15794e+01 -1.05114e+01
910 -1.15344e+01 -1.05528e+01
911 -1.15536e+01 -1.05468e+01
912 -1.15508e+01 -1.05049e+01
913 -1.14885e+01 -1.05236e+01
914 -1.15060e+01 -1.04575e+01
915 -1.15008e+01 -1.05264e+01
916 -1.14889e+01 -1.05542e+01
917 -1.14976e+01 -1.05084e+01
918 -1.14688e+01 -1.05297e+01
919 -1.15167e+01 -1.05320e+01
920 -1.15599e+01 -1.05199e+01
921 -1.14729e+01 -1.04818e+01
922 -1.15149e+01 -1.05297e+01
923 -1.15248e+01 -1.05587e+01
924 -1.14695e+01 -1.04968e+01
925 -1.15304e+01 -1.05891e+01
926 -1.15652e+01 -1.05242e+01
927 -1.15418e+01 -1.05800e+01
928 -1.15300e+01 -1.05164e+01
929 -1.14127e+01 -1.04983e+01
930 -1.14606e+01 -1.05467e+01
931 -1.15069e+01 -1.05539e+01
932 -1.15296e+01 -1.04939e+01
933 -1.14970e+01 -1.05048e+01
934 -1.14666e+01 -1.05352e+01
935 -1.15170e+01 -1.05381e+01
936 -1.15414e+01 -1.05167e+01
937 -1.15198e+01 -1.05562e+01
938 -1.15051e+01 -1.05417e+01
939 -1.14639e+01 -1.04841e+01
940 -1.14430e+01 -1.05187e+01
941 -1.15441e+01 -1.05475e+01
942 -1.14898e+01 -1.05779e+01
943 -1.14907e+01 -1.05167e+01
944 -1.14944e+01 -1.05554e+01
945 -1.15240e+01 -1.05273e+01
946 -1.14308e+01 -1.05557e+01
947 -1.15656e+01 -1.04635e+01
948 -1.14903e+01 -1.05259e+01
949 -1.13974e+01 -1.05151e+01
950 -1.15181e+01 -1.05502e+01
951 -1.13908e+01 -1.05099e+01
952 -1.15194e+01 -1.05569e+01
953 -1.14373e+01 -1.04760e+01
954 -1.15166e+01 -1.05276e+01
955 -1.15383e+01 -1.05345e+01
956 -1.15299e+01 -1.05570e+01
957 -1.15094e+01 -1.05170e+01
958 -1.15213e+01 -1.05461e+01
959 -1.14908e+01 -1.05049e+01
960 -1.14798e+01 -1.05569e+01
961 -1.15116e+01 -1.04582e+01
962 -1.15545e+01 -1.04533e+01
963 -1.15045e+01 -1.05470e+01
964 -1.14753e+01 -1.05188e+01
965 -1.15406e+01 -1.05451e+01
966 -1.14840e+01 -1.05066e+01
967 -1.14978e+01 -1.05255e+01
968 -1.15252e+01 -1.05210e+01
969 -1.15055e+01 -1.05098e+01
970 -1.14703e+01 -1.05247e+01
971 -1.15270e+01 -1.05763e+01
972 -1.14906e+01 -1.05164e+01
973 -1.15309e+01 -1.04857e+01
974 -1.14591e+01 -1.05621e+01
975 -1.14824e+01 -1.05186e+01
976 -1.15445e+01 -1.05184e+01
977 -1.15529e+01 -1.05636e+01
978 -1.14598e+01 -1.05174e+01
979 -1.15220e+01 -1.05314e+01
980 -1.14836e+01 -1.05396e+01
981 -1.15049e+01 -1.05150e+01
982 -1.15512e+01 -1.05275e+01
983 -1.15089e+01 -1.05711e+01
984 -1.14638e+01 -1.05171e+01
985 -1.14416e+01 -1.05633e+01
986 -1.15095e+01 -1.05137e+01
987 -1.15382e+01 -1.05526e+01
988 -1.14910e+01 -1.05624e+01
989 -1.15309e+01 -1.05214e+01
990 -1.14962e+01 -1.05289e+01
991 -1.14885e+01 -1.05124e+01
992 -1.15152e+01 -1.05320e+01
993 -1.14355e+01 -1.04817e+01
994 -1.14861e+01 -1.05298e+01
995 -1.15235e+01 -1.05345e+01
996 -1.14429e+01 -1.05296e+01
997 -1.14528e+01 -1.05581e+01
998 -1.15101e+01 -1.05247e+01
999 -1.14306e+01 -1.04788e+01
1000 -1.14890e+01 -1.05143e+01
1001 -1.14785e+01 -1.05502e+01
1002 -1.15329e+01 -1.05529e+01
1003 -1.15196e+01 -1.05443e+01
1004 -1.15210e+01 -1.05245e+01
1005 -1.15240e+01 -1.05556e+01
1006 -1.15037e+01 -1.04826e+01
1007 -1.15469e+01 -1.05215e+01
1008 -1.14726e+01 -1.05722e+01
1009 -1.14755e+01 -1.05553e+01
1010 -1.14860e+01 -1.05588e+01
1011 -1.15047e+01 -1.04973e+01
1012 -1.15487e+01 -1.04863e+01
1013 -1.14467e+01 -1.05489e+01
1014 -1.15151e+01 -1.04851e+01
1015 -1.15062e+01 -1.05132e+01
1016 -1.15179e+01 -1.05690e+01
1017 -1.14822e+01 -1.05368e+01
1018 -1.15061e+01 -1.05443e+01
1019 -1.14386e+01 -1.05412e+01
1020 -1.15231e+01 -1.05214e+01
1021 -1.15558e+01 -1.05209e+01
1022 -1.15153e+01 -1.04773e+01
1023 -1.14474e+01 -1.05498e+01
1024 -1.14721e+01 -1.05455e+01
1025 -1.14944e+01 -1.05185e+01
1026 -1.15185e+01 -1.05180e+01
1027 -1.14501e+01 -1.05497e+01
1028 -1.14198e+01 -1.05357e+01
1029 -1.14945e+01 -1.05467e+01
1030 -1.14893e+01 -1.05121e+01
1031 -1.14645e+01 -1.05656e+01
1032 -1.15371e+01 -1.04780e+01
1033 -1.14749e+01 -1.05397e+01
1034 -1.15064e+01 -1.05637e+01
1035 -1.14980e+01 -1.05316e+01
1036 -1.15282e+01 -1.05011e+01
1037 -1.15110e+01 -1.05284e+01
1038 -1.14377e+01 -1.05634e+01
1039 -1.14906e+01 -1.05304e+01
1040 -1.14735e+01 -1.04954e+01
1041 -1.14265e+01 -1.05574e+01
1042 -1.14924e+01 -1.05616e+01
1043 -1.14954e+01 -1.05756e+01
1044 -1.15612e+01 -1.05191e+01
1045 -1.14737e+01 -1.05329e+01
1046 -1.14779e+01 -1.05566e+01
1047 -1.15104e+01 -1.05339e+01
1048 -1.14161e+01 -1.05296e+01
1049 -1.15091e+01 -1.05358e+01
1050 -1.14773e+01 -1.05671e+01
1051 -1.14935e+01 -1.05361e+01
1052 -1.14835e+01 -1.04934e+01
1053 -1.15093e+01 -1.04983e+01
1054 -1.15541e+01 -1.05069e+01
1055 -1.14798e+01 -1.05367e+01
1056 -1.14859e+01 -1.05452e+01
1057 -1.15413e+01 -1.05434e+01
1058 -1.15272e+01 -1.05482e+01
1059 -1.15040e+01 -1.04940e+01
1060 -1.15805e+01 -1.04758e+01
1061 -1.15098e+01 -1.05761e+01
1062 -1.15302e+01 -1.05410e+01
1063 -1.14082e+01 -1.04976e+01
1064 -1.14914e+01 -1.04989e+01
1065 -1.14458e+01 -1.05097e+01
1066 -1.15611e+01 -1.05525e+01
1067 -1.14976e+01 -1.05399e+01
1068 -1.15101e+01 -1.05062e+01
1069 -1.15329e+01 -1.04755e+01
1070 -1.14879e+01 -1.05742e+01
1071 -1.15088e+01 -1.05637e+01
1072 -1.14919e+01 -1.04832e+01
1073 -1.15469e+01 -1.05386e+01
1074 -1.15877e+01 -1.04622e+01
1075 -1.14931e+01 -1.05522e+01
1076 -1.14812e+01 -1.05249e+01
1077 -1.15079e+01 -1.05211e+01
1078 -1.15140e+01 -1.04766e+01
1079 -1.15223e+01 -1.05499e+01
1080 -1.15552e+01 -1.05513e+01
1081 -1.14750e+01 -1.04704e+01
1082 -1.15335e+01 -1.05636e+01
1083 -1.14321e+01 -1.05531e+01
1084 -1.14884e+01 -1.05404e+01
1085 -1.14828e+01 -1.05277e+01
1086 -1.14497e+01 -1.05018e+01
1087 -1.14950e+01 -1.05327e+01
1088 -1.15373e+01 -1.05271e+01
1089 -1.15015e+01 -1.04627e+01
1090 -1.15270e+01 -1.05080e+01
1091 -1.15152e+01 -1.05418e+01
1092 -1.15661e+01 -1.05520e+01
1093 -1.14793e+01 -1.05285e+01
1094 -1.15026e+01 -1.05053e+01
1095 -1.14675e+01 -1.05034e+01
1096 -1.14834e+01 -1.05307e+01
1097 -1.15270e+01 -1.05328e+01
1098 -1.14659e+01 -1.05188e+01
1099 -1.14781e+01 -1.05523e+01
1100 -1.14623e+01 -1.05321e+01
1101 -1.14568e+01 -1.04815e+01
1102 -1.15359e+01 -1.04933e+01
1103 -1.15025e+01 -1.05512e+01
1104 -1.14434e+01 -1.05609e+01
1105 -1.15098e+01 -1.05279e+01
1106 -1.14780e+01 -1.05284e+01
1107 -1.15721e+01 -1.05066e+01
1108 -1.15173e+01 -1.05522e+01
1109 -1.15327e+01 -1.05224e+01
1110 -1.15208e+01 -1.05294e+01
1111 -1.14968e+01 -1.05453e+01
1112 -1.14948e+01 -1.05524e+01
1113 -1.15345e+01 -1.05328e+01
1114 -1.14969e+01 -1.04746e+01
1115 -1.14591e+01 -1.05422e+01
1116 -1.15295e+01 -1.05277e+01
1117 -1.14616e+01 -1.04703e+01
1118 -1.14861e+01 -1.05533e+01
1119 -1.15560e+01 -1.05567e+01
1120 -1.14986e+01 -1.04651e+01
1121 -1.14370e+01 -1.05197e+01
1122 -1.14919e+01 -1.05173e+01
1123 -1.14785e+01 -1.05657e+01
1124 -1.14316e+01 -1.06009e+01
1125 -1.14962e+01 -1.05596e+01
1126 -1.15629e+01 -1.05038e+01
1127 -1.15102e+01 -1.05331e+01
1128 -1.15108e+01 -1.05125e+01
1129 -1.14924e+01 -1.05623e+01
1130 -1.14472e+01 -1.05250e+01
1131 -1.15101e+01 -1.05517e+01
1132 -1.15076e+01 -1.05190e+01
1133 -1.14931e+01 -1.05343e+01
1134 -1.14868e+01 -1.05322e+01
1135 -1.14536e+01 -1.05274e+01
1136 -1.14957e+01 -1.04884e+01
1137 -1.15449e+01 -1.05318e+01
1138 -1.14623e+01 -1.05302e+01
1139 -1.14897e+01 -1.05380e+01
1140 -1.15040e+01 -1.05427e+01
1141 -1.15328e+01 -1.05143e+01
