3.000000119209289551e-01 8.000000119209289551e-01 1.000000000000000000e+00 1.000000000000000000e+00 1.000000000000000000e+00 1.000000000000000000e+00
1.000000014901161194e-01 8.000000119209289551e-01 1.000000000000000000e+00 1.000000000000000000e+00 1.000000000000000000e+00 1.000000000000000000e+00
1.400000005960464478e-01 8.000000119209289551e-01 1.000000000000000000e+00 1.000000000000000000e+00 1.000000000000000000e+00 1.000000000000000000e+00
1.800000071525573730e-01 8.000000119209289551e-01 1.000000000000000000e+00 1.000000000000000000e+00 1.000000000000000000e+00 1.000000000000000000e+00
2.199999988079071045e-01 8.000000119209289551e-01 1.000000000000000000e+00 1.000000000000000000e+00 1.000000000000000000e+00 1.000000000000000000e+00
2.599999904632568359e-01 8.000000119209289551e-01 1.000000000000000000e+00 1.000000000000000000e+00 1.000000000000000000e+00 1.000000000000000000e+00
3.400000035762786865e-01 8.000000119209289551e-01 1.000000000000000000e+00 1.000000000000000000e+00 1.000000000000000000e+00 1.000000000000000000e+00
3.799999952316284180e-01 8.000000119209289551e-01 1.000000000000000000e+00 1.000000000000000000e+00 1.000000000000000000e+00 1.000000000000000000e+00
4.199999868869781494e-01 8.000000119209289551e-01 1.000000000000000000e+00 1.000000000000000000e+00 1.000000000000000000e+00 1.000000000000000000e+00
4.600000083446502686e-01 8.000000119209289551e-01 1.000000000000000000e+00 1.000000000000000000e+00 1.000000000000000000e+00 1.000000000000000000e+00
5.000000000000000000e-01 8.000000119209289551e-01 1.000000000000000000e+00 1.000000000000000000e+00 1.000000000000000000e+00 1.000000000000000000e+00
3.000000119209289551e-01 6.000000238418579102e-01 1.000000000000000000e+00 1.000000000000000000e+00 1.000000000000000000e+00 1.000000000000000000e+00
3.000000119209289551e-01 6.399999856948852539e-01 1.000000000000000000e+00 1.000000000000000000e+00 1.000000000000000000e+00 1.000000000000000000e+00
3.000000119209289551e-01 6.800000071525573730e-01 1.000000000000000000e+00 1.000000000000000000e+00 1.000000000000000000e+00 1.000000000000000000e+00
3.000000119209289551e-01 7.200000286102294922e-01 1.000000000000000000e+00 1.000000000000000000e+00 1.000000000000000000e+00 1.000000000000000000e+00
3.000000119209289551e-01 7.599999904632568359e-01 1.000000000000000000e+00 1.000000000000000000e+00 1.000000000000000000e+00 1.000000000000000000e+00
3.000000119209289551e-01 8.399999737739562988e-01 1.000000000000000000e+00 1.000000000000000000e+00 1.000000000000000000e+00 1.000000000000000000e+00
3.000000119209289551e-01 8.799999952316284180e-01 1.000000000000000000e+00 1.000000000000000000e+00 1.000000000000000000e+00 1.000000000000000000e+00
3.000000119209289551e-01 9.200000166893005371e-01 1.000000000000000000e+00 1.000000000000000000e+00 1.000000000000000000e+00 1.000000000000000000e+00
3.000000119209289551e-01 9.599999785423278809e-01 1.000000000000000000e+00 1.000000000000000000e+00 1.000000000000000000e+00 1.000000000000000000e+00
3.000000119209289551e-01 1.000000000000000000e+00 1.000000000000000000e+00 1.000000000000000000e+00 1.000000000000000000e+00 1.000000000000000000e+00
3.000000119209289551e-01 8.000000119209289551e-01 2.500000000000000000e-01 1.000000000000000000e+00 1.000000000000000000e+00 1.000000000000000000e+00
3.000000119209289551e-01 8.000000119209289551e-01 3.298799991607666016e-01 1.000000000000000000e+00 1.000000000000000000e+00 1.000000000000000000e+00
3.000000119209289551e-01 8.000000119209289551e-01 4.352799952030181885e-01 1.000000000000000000e+00 1.000000000000000000e+00 1.000000000000000000e+00
3.000000119209289551e-01 8.000000119209289551e-01 5.743499994277954102e-01 1.000000000000000000e+00 1.000000000000000000e+00 1.000000000000000000e+00
3.000000119209289551e-01 8.000000119209289551e-01 7.578600049018859863e-01 1.000000000000000000e+00 1.000000000000000000e+00 1.000000000000000000e+00
3.000000119209289551e-01 8.000000119209289551e-01 1.319509983062744141e+00 1.000000000000000000e+00 1.000000000000000000e+00 1.000000000000000000e+00
3.000000119209289551e-01 8.000000119209289551e-01 1.741099953651428223e+00 1.000000000000000000e+00 1.000000000000000000e+00 1.000000000000000000e+00
3.000000119209289551e-01 8.000000119209289551e-01 2.297399997711181641e+00 1.000000000000000000e+00 1.000000000000000000e+00 1.000000000000000000e+00
3.000000119209289551e-01 8.000000119209289551e-01 3.031430006027221680e+00 1.000000000000000000e+00 1.000000000000000000e+00 1.000000000000000000e+00
3.000000119209289551e-01 8.000000119209289551e-01 4.000000000000000000e+00 1.000000000000000000e+00 1.000000000000000000e+00 1.000000000000000000e+00
3.000000119209289551e-01 8.000000119209289551e-01 1.000000000000000000e+00 2.500000000000000000e-01 1.000000000000000000e+00 1.000000000000000000e+00
3.000000119209289551e-01 8.000000119209289551e-01 1.000000000000000000e+00 3.298799991607666016e-01 1.000000000000000000e+00 1.000000000000000000e+00
3.000000119209289551e-01 8.000000119209289551e-01 1.000000000000000000e+00 4.352799952030181885e-01 1.000000000000000000e+00 1.000000000000000000e+00
3.000000119209289551e-01 8.000000119209289551e-01 1.000000000000000000e+00 5.743499994277954102e-01 1.000000000000000000e+00 1.000000000000000000e+00
3.000000119209289551e-01 8.000000119209289551e-01 1.000000000000000000e+00 7.578600049018859863e-01 1.000000000000000000e+00 1.000000000000000000e+00
3.000000119209289551e-01 8.000000119209289551e-01 1.000000000000000000e+00 1.319509983062744141e+00 1.000000000000000000e+00 1.000000000000000000e+00
3.000000119209289551e-01 8.000000119209289551e-01 1.000000000000000000e+00 1.741099953651428223e+00 1.000000000000000000e+00 1.000000000000000000e+00
3.000000119209289551e-01 8.000000119209289551e-01 1.000000000000000000e+00 2.297399997711181641e+00 1.000000000000000000e+00 1.000000000000000000e+00
3.000000119209289551e-01 8.000000119209289551e-01 1.000000000000000000e+00 3.031430006027221680e+00 1.000000000000000000e+00 1.000000000000000000e+00
3.000000119209289551e-01 8.000000119209289551e-01 1.000000000000000000e+00 4.000000000000000000e+00 1.000000000000000000e+00 1.000000000000000000e+00
3.000000119209289551e-01 8.000000119209289551e-01 1.000000000000000000e+00 1.000000000000000000e+00 5.000000000000000000e-01 1.000000000000000000e+00
3.000000119209289551e-01 8.000000119209289551e-01 1.000000000000000000e+00 1.000000000000000000e+00 5.743499994277954102e-01 1.000000000000000000e+00
3.000000119209289551e-01 8.000000119209289551e-01 1.000000000000000000e+00 1.000000000000000000e+00 6.597499847412109375e-01 1.000000000000000000e+00
3.000000119209289551e-01 8.000000119209289551e-01 1.000000000000000000e+00 1.000000000000000000e+00 7.578600049018859863e-01 1.000000000000000000e+00
3.000000119209289551e-01 8.000000119209289551e-01 1.000000000000000000e+00 1.000000000000000000e+00 8.705499768257141113e-01 1.000000000000000000e+00
3.000000119209289551e-01 8.000000119209289551e-01 1.000000000000000000e+00 1.000000000000000000e+00 1.148699998855590820e+00 1.000000000000000000e+00
3.000000119209289551e-01 8.000000119209289551e-01 1.000000000000000000e+00 1.000000000000000000e+00 1.319509983062744141e+00 1.000000000000000000e+00
3.000000119209289551e-01 8.000000119209289551e-01 1.000000000000000000e+00 1.000000000000000000e+00 1.515720009803771973e+00 1.000000000000000000e+00
3.000000119209289551e-01 8.000000119209289551e-01 1.000000000000000000e+00 1.000000000000000000e+00 1.741099953651428223e+00 1.000000000000000000e+00
3.000000119209289551e-01 8.000000119209289551e-01 1.000000000000000000e+00 1.000000000000000000e+00 2.000000000000000000e+00 1.000000000000000000e+00
3.000000119209289551e-01 8.000000119209289551e-01 1.000000000000000000e+00 1.000000000000000000e+00 1.000000000000000000e+00 5.000000000000000000e-01
3.000000119209289551e-01 8.000000119209289551e-01 1.000000000000000000e+00 1.000000000000000000e+00 1.000000000000000000e+00 5.743499994277954102e-01
3.000000119209289551e-01 8.000000119209289551e-01 1.000000000000000000e+00 1.000000000000000000e+00 1.000000000000000000e+00 6.597499847412109375e-01
3.000000119209289551e-01 8.000000119209289551e-01 1.000000000000000000e+00 1.000000000000000000e+00 1.000000000000000000e+00 7.578600049018859863e-01
3.000000119209289551e-01 8.000000119209289551e-01 1.000000000000000000e+00 1.000000000000000000e+00 1.000000000000000000e+00 8.705499768257141113e-01
3.000000119209289551e-01 8.000000119209289551e-01 1.000000000000000000e+00 1.000000000000000000e+00 1.000000000000000000e+00 1.148699998855590820e+00
3.000000119209289551e-01 8.000000119209289551e-01 1.000000000000000000e+00 1.000000000000000000e+00 1.000000000000000000e+00 1.319509983062744141e+00
3.000000119209289551e-01 8.000000119209289551e-01 1.000000000000000000e+00 1.000000000000000000e+00 1.000000000000000000e+00 1.515720009803771973e+00
3.000000119209289551e-01 8.000000119209289551e-01 1.000000000000000000e+00 1.000000000000000000e+00 1.000000000000000000e+00 1.741099953651428223e+00
3.000000119209289551e-01 8.000000119209289551e-01 1.000000000000000000e+00 1.000000000000000000e+00 1.000000000000000000e+00 2.000000000000000000e+00